image concentration x1 y1 x2 y2 x3 y3 x4 y4 rotation
IMG_4754 0 540.760497 707.773009 1062.154388 717.685440 1028.452122 2599.064917 509.040717 2583.205027 0.000000
IMG_4754 1 1185.068537 580.893887 1710.427401 578.911401 1722.322318 2486.063199 1200.928428 2474.168282 0.000000
IMG_4754 2 1851.183926 618.561126 2388.437707 614.596154 2400.332625 2533.642870 1878.938734 2529.677897 0.000000
IMG_4754 3 2588.668821 592.788805 3129.887575 610.631181 3072.395473 2517.782980 2549.019096 2499.940603 0.000000
IMG_4754 4 3330.118689 636.403503 3881.249874 654.245879 3786.090533 2547.520274 3252.801724 2531.660384 0.000000
IMG_4755 0 1351.481387 1053.596316 1614.735718 1061.114624 1588.565627 1980.200552 1339.627175 1978.224850 0.000000
IMG_4755 1 1681.423621 994.325256 1941.228433 996.300958 1939.252731 1923.893045 1679.447919 1922.905194 0.000000
IMG_4755 2 2011.365854 1023.960786 2278.085623 1021.985084 2275.122070 1953.528575 2015.317258 1953.528575 0.000000
IMG_4755 3 2378.846425 1011.118723 2653.469003 1019.021531 2613.954963 1962.419234 2346.247342 1950.565022 0.000000
IMG_4755 4 2765.096165 1029.887892 3039.718743 1039.766402 2974.520577 1989.091211 2706.812956 1973.285595 0.000000
IMG_4756 0 1391.075041 1283.119790 1668.106363 1277.579164 1486.189128 2168.696584 1127.895285 2165.926271 0.000000
IMG_4756 1 1738.287632 1242.488530 2007.931452 1231.407277 1975.611131 2092.051251 1624.704789 2095.745002 0.000000
IMG_4756 2 2077.189282 1250.799469 2353.297167 1239.718217 2429.019062 2118.830946 2076.265845 2120.677821 0.000000
IMG_4756 3 2459.492507 1231.407277 2745.758207 1229.560401 2896.278559 2118.830946 2538.908153 2115.137195 0.000000
IMG_4756 4 2863.958238 1232.330715 3150.223937 1230.483839 3398.628690 2131.759074 3032.947344 2126.218448 0.000000
IMG_4758 0 996.202214 1116.945811 1263.664902 1128.688075 1257.141422 2188.101258 1014.467958 2156.788553 0.000000
IMG_4758 1 1324.985615 1059.539185 1600.276480 1056.929793 1615.932832 2176.358994 1332.813792 2141.132201 0.000000
IMG_4758 2 1668.120674 1094.765978 1982.552419 1094.765978 1978.638331 2254.640756 1683.777026 2214.195179 0.000000
IMG_4758 3 2105.193846 1090.851890 2441.805424 1094.765978 2383.094103 2312.047382 2062.138877 2265.078325 0.000000
IMG_4758 4 2586.626685 1106.508242 2963.683840 1123.469291 2844.956500 2409.899585 2504.430834 2340.750695 0.000000
IMG_4759 0 819.096456 629.040391 1170.727444 590.360982 1047.656598 1974.028920 638.006497 1988.094159 0.000000
IMG_4759 1 1241.053641 474.322756 1615.540644 423.336263 1603.233559 1812.278665 1174.243754 1859.748849 0.000000
IMG_4759 2 1708.722855 430.368883 2093.758787 360.042685 2171.117604 1792.938961 1715.755475 1840.409144 0.000000
IMG_4759 3 2244.960112 316.088812 2658.126523 256.311544 2782.955523 1743.710623 2308.253690 1775.357411 0.000000
IMG_4759 4 2833.942017 226.422910 3284.029681 164.887487 3503.799049 1708.547524 2971.078102 1743.710623 0.000000
IMG_4760 0 1608.375813 517.503480 1974.552821 529.986788 1980.100957 1833.798859 1583.409199 1835.185893 0.000000
IMG_4760 1 2059.161902 453.699911 2415.629670 456.473979 2490.529513 1728.384266 2103.546994 1739.480539 0.000000
IMG_4760 2 2504.399854 492.536866 2852.545417 489.762798 2973.217386 1758.899016 2590.395969 1763.060119 0.000000
IMG_4760 3 2973.217386 500.859071 3318.588881 499.472037 3430.938645 1740.867573 3060.600535 1743.641641 0.000000
IMG_4760 4 3437.873815 531.373822 3777.697174 539.696026 3902.530245 1747.802743 3526.643999 1745.028675 0.000000
IMG_4761 0 1581.940285 936.199471 1963.229555 953.083129 1940.718012 2288.299061 1559.428741 2309.403634 0.000000
IMG_4761 1 2044.833901 863.036954 2405.018599 871.478783 2410.646485 2163.078600 2058.903616 2181.369229 0.000000
IMG_4761 2 2482.402031 913.687928 2828.517014 916.501871 2839.772786 2168.706486 2500.692660 2189.811058 0.000000
IMG_4761 3 2929.818961 915.094899 3254.829372 926.350671 3225.282971 2132.125227 2908.714388 2144.787971 0.000000
IMG_4761 4 3344.875547 953.083129 3657.223215 964.338901 3610.793156 2125.090370 3305.480345 2129.311284 0.000000
IMG_4762 0 1489.157023 1308.663254 1781.090078 1304.565948 1765.725180 2270.505846 1496.327309 2271.530173 0.000000
IMG_4762 1 1850.744281 1240.033378 2140.628683 1233.887419 2134.482724 2205.973276 1859.963219 2209.046256 0.000000
IMG_4762 2 2211.307212 1257.446929 2498.118635 1254.373949 2480.705084 2227.484133 2210.282886 2228.508460 0.000000
IMG_4762 3 2613.867530 1252.325296 2907.849238 1255.398276 2830.000424 2231.581439 2556.505246 2218.265194 0.000000
IMG_4762 4 3019.500828 1261.544235 3307.336577 1279.982112 3190.563355 2240.800378 2922.189810 2230.557113 0.000000
IMG_4763 0 1128.221107 1125.823338 1652.901256 1093.030828 1770.568495 2769.306744 1303.757480 2838.749705 0.000000
IMG_4763 1 1762.852610 961.860791 2264.385105 915.565484 2372.407489 2562.906832 1924.886186 2640.065678 0.000000
IMG_4763 2 2378.194402 952.215936 2856.579243 907.849599 2920.235291 2516.611525 2495.861641 2586.054486 0.000000
IMG_4763 3 3005.110021 888.559888 3456.489266 867.341206 3427.554699 2414.376055 3014.754876 2474.174160 0.000000
IMG_4763 4 3589.588274 865.412235 4023.606779 853.838408 3929.087194 2360.364863 3529.790169 2406.660171 0.000000
IMG_4764 0 987.441699 1010.723960 1306.958584 996.018162 1304.284802 2175.155787 994.126153 2161.786880 0.000000
IMG_4764 1 1367.118667 909.120265 1697.330677 889.066904 1726.742273 2108.311250 1401.877826 2108.311250 0.000000
IMG_4764 2 1784.228575 918.478500 2125.135711 895.751357 2150.536635 2159.113098 1814.977062 2153.765535 0.000000
IMG_4764 3 2264.172347 882.382450 2629.143517 863.665980 2610.427046 2173.818896 2245.455877 2157.776207 0.000000
IMG_4764 4 2786.896623 867.676652 3178.605607 859.655308 3118.445524 2219.273181 2749.463682 2196.546039 0.000000
IMG_4766 0 1846.716816 1587.751704 2151.631725 1616.580023 2040.753576 2674.357560 1743.600138 2663.269746 0.000000
IMG_4766 1 2234.790336 1551.161915 2547.466715 1557.814604 2441.023692 2603.395545 2152.740506 2602.286764 0.000000
IMG_4766 2 2615.102386 1586.642923 2922.234857 1592.186830 2801.377675 2625.571175 2515.312052 2625.571175 0.000000
IMG_4766 3 3019.807628 1595.513175 3315.655518 1618.993286 3148.426280 2614.483360 2866.795783 2608.939453 0.000000
IMG_4766 4 3405.663585 1627.667838 3692.837990 1655.387375 3496.583667 2633.332646 3218.279514 2618.918486 0.000000
IMG_4767 0 479.366122 415.777826 934.195821 480.073124 710.352933 2185.089168 298.386766 2087.455568 0.000000
IMG_4767 1 1012.778963 346.719914 1519.997423 401.489982 1279.485383 2227.952700 829.418299 2123.175178 0.000000
IMG_4767 2 1622.393638 463.403973 2151.043864 503.886197 1877.193522 2425.601208 1377.118983 2306.535842 0.000000
IMG_4767 3 2358.217601 503.886197 2936.875281 584.850646 2536.815650 2587.530106 2008.165424 2442.270359 0.000000
IMG_4767 4 3194.056472 634.858100 3832.246835 732.491700 3298.833994 2823.279531 2724.938929 2654.206711 0.000000
IMG_4768 0 502.313657 583.300740 1147.134247 640.325690 1022.118010 2743.669041 414.582965 2750.248843 0.000000
IMG_4768 1 1311.629295 506.536384 1899.424935 550.401730 1805.114440 2594.526864 1228.285137 2612.073003 0.000000
IMG_4768 2 2041.987310 633.745888 2601.270474 673.224699 2485.027307 2618.652804 1954.256617 2647.165279 0.000000
IMG_4768 3 2785.504928 679.804501 3300.922747 730.249649 3114.495025 2603.299933 2618.816613 2596.720131 0.000000
IMG_4768 4 3452.258191 782.888065 3941.356801 839.913015 3717.643536 2601.106666 3239.511262 2603.299933 0.000000
IMG_4769 0 1289.949810 332.987543 1995.477298 375.833341 1904.072927 2912.304635 1232.822078 2860.889677 0.000000
IMG_4769 1 2138.296628 430.104687 2863.818822 424.391913 2803.834704 3040.842032 2109.732762 3009.421779 0.000000
IMG_4769 2 3020.920085 401.540821 3786.431692 401.540821 3663.607068 3072.262284 2940.941260 3029.416485 0.000000
IMG_4769 3 3906.399929 475.806872 4700.475401 475.806872 4546.230525 3180.804975 3795.000851 3152.241109 0.000000
IMG_4769 4 4809.018092 527.221831 5634.513817 521.509058 5406.002889 3286.491279 4637.634896 3212.225227 0.000000
IMG_4770 0 1354.492751 620.027822 1995.758039 646.309186 1993.129903 2843.431238 1430.708708 2772.471554 0.000000
IMG_4770 1 2121.908587 709.384460 2776.314557 735.665824 2752.661330 2966.953650 2169.215043 2917.019058 0.000000
IMG_4770 2 2918.233924 704.128187 3630.458896 706.756324 3470.142574 3037.913333 2860.414923 2974.838059 0.000000
IMG_4770 3 3738.212489 793.484826 4487.231371 809.253644 4216.533319 3164.063882 3577.896167 3100.988608 0.000000
IMG_4770 4 4584.472418 848.675691 5367.657073 880.213328 4981.321019 3277.073748 4308.518094 3208.742201 0.000000
IMG_4771 0 1023.769748 646.519842 1374.169556 625.704012 1389.781429 2053.323031 1037.646968 2022.099286 0.000000
IMG_4771 1 1427.943784 646.519842 1818.240600 611.826792 1865.076218 2122.709132 1485.187317 2108.831911 0.000000
IMG_4771 2 1889.361353 578.868394 2310.881914 530.298123 2355.982879 2150.463572 1937.931623 2122.709132 0.000000
IMG_4771 3 2390.675929 563.256521 2865.970718 516.420903 2897.194464 2245.869460 2427.103632 2205.972452 0.000000
IMG_4771 4 2940.560776 533.767429 3467.895141 478.258548 3488.710971 2310.051603 2963.111259 2275.358553 0.000000
IMG_4772 0 1322.069185 515.922941 1556.530954 453.050511 1556.530954 1441.981440 1299.801866 1472.107812 0.000000
IMG_4772 1 1593.206539 454.360353 1857.794681 383.628870 1907.568688 1419.714121 1632.501807 1452.460178 0.000000
IMG_4772 2 1897.089950 357.432024 2162.987935 284.080856 2248.127683 1346.362953 1954.723011 1389.587748 0.000000
IMG_4772 3 2214.071784 285.390698 2515.335510 200.250949 2633.221317 1313.616895 2305.760744 1359.461375 0.000000
IMG_4772 4 2562.489833 201.560791 2876.851982 100.702935 3034.033057 1262.533046 2681.685481 1320.166107 0.000000
IMG_4773 0 2510.275195 6.093863 3028.107067 1.299123 2921.024550 1665.073747 2401.594432 1641.100049 0.000000
IMG_4773 1 3120.805365 7.692109 3624.253018 6.093863 3640.235483 1711.422896 3106.421146 1711.422896 0.000000
IMG_4773 2 3723.344302 12.486849 4231.586694 8.491233 4298.713048 1687.449198 3752.112739 1692.243938 0.000000
IMG_4773 3 4321.088499 6.892986 4845.313356 0.500000 4942.806394 1738.593087 4396.206085 1738.593087 0.000000
IMG_4773 4 4896.457245 10.888602 5419.083856 4.495616 5580.506754 1756.173799 5013.129241 1768.959771 0.000000
IMG_4774 0 1663.041913 153.606818 2317.544342 202.694500 2205.343926 2481.765458 1543.828971 2451.377845 0.000000
IMG_4774 1 2441.432302 268.144743 3079.572170 282.169795 3046.847049 2528.515631 2422.732233 2537.865666 0.000000
IMG_4774 2 3205.797638 270.482252 3825.237437 284.507304 3794.849824 2519.165596 3177.747534 2509.815562 0.000000
IMG_4774 3 3921.075293 354.632564 4535.840074 370.995125 4510.127479 2575.265805 3897.700206 2575.265805 0.000000
IMG_4774 4 4598.952808 415.407790 5218.392607 434.107859 5171.642433 2603.315909 4580.252739 2600.978400 0.000000
IMG_4775 0 1820.153753 502.860474 2463.521501 514.267704 2458.958609 2784.306387 1838.405320 2784.306387 0.000000
IMG_4775 1 2609.534039 580.429635 3255.183233 573.585297 3266.590462 2804.839401 2671.133079 2825.372414 0.000000
IMG_4775 2 3382.944204 553.052284 4026.311951 546.207946 3982.964479 2766.054820 3394.351433 2772.899158 0.000000
IMG_4775 3 4117.569788 619.214216 4740.404522 605.525540 4655.991023 2777.462050 4076.503761 2800.276509 0.000000
IMG_4775 4 4802.003562 651.154458 5427.119742 639.747229 5301.640217 2779.743495 4722.152955 2802.557955 0.000000
IMG_4776 0 1889.208430 712.516193 2542.926493 716.963255 2522.914716 2876.011688 1947.020232 2873.788157 0.000000
IMG_4776 1 2671.891281 774.775056 3303.374036 776.998587 3301.150505 2918.258773 2729.703083 2927.152897 0.000000
IMG_4776 2 3456.797663 745.869156 4112.739257 736.975032 4006.009777 2898.246996 3421.221170 2900.470527 0.000000
IMG_4776 3 4203.904021 797.010365 4855.398553 785.892711 4677.516087 2931.599958 4099.398072 2933.823489 0.000000
IMG_4776 4 4922.104478 823.692735 5589.163726 817.022142 5331.234150 2953.835267 4746.445542 2949.388205 0.000000
IMG_4777 0 1529.467667 432.147896 2240.268018 494.164034 2168.710936 2662.343628 1593.869041 2626.565087 0.000000
IMG_4777 1 2383.382183 572.876825 3084.641589 608.655366 2931.986481 2724.359766 2376.226475 2710.048350 0.000000
IMG_4777 2 3225.370518 587.188241 3907.548036 630.122491 3607.008290 2738.671183 3051.248284 2707.663114 0.000000
IMG_4777 3 4007.727951 699.294337 4675.594053 732.687642 4253.407267 2791.146376 3697.647261 2774.449724 0.000000
IMG_4777 4 4744.765899 773.236655 5410.246764 813.785669 4859.257231 2822.154445 4315.423405 2800.687321 0.000000
IMG_4778 0 2585.471272 78.658701 3083.625631 116.449721 2966.178711 1816.952148 2525.349195 1791.279030 0.000000
IMG_4778 1 3179.820955 167.982931 3669.386446 183.442894 3538.835648 1847.965561 3104.238915 1851.401108 0.000000
IMG_4778 2 3762.146223 162.829610 4248.276166 181.725120 4055.885517 1832.505598 3619.571010 1827.352277 0.000000
IMG_4778 3 4303.244923 229.822782 4784.221545 238.411651 4540.297686 1866.861071 4122.878689 1863.425524 0.000000
IMG_4778 4 4830.601433 267.613803 5297.835866 288.227086 4997.225477 1892.627676 4579.806480 1870.296618 0.000000
IMG_4779 0 2754.274364 725.724850 3103.595631 717.857254 3045.375420 2042.760438 2718.083422 2019.157649 0.000000
IMG_4779 1 3164.962880 738.313004 3541.033974 717.857254 3507.990070 2108.848245 3163.389361 2093.113053 0.000000
IMG_4779 2 3618.136416 695.827985 4020.957336 665.931120 3976.898798 2121.436399 3586.666032 2110.421764 0.000000
IMG_4779 3 4096.486259 708.416139 4533.924602 687.960389 4464.689757 2195.391802 4046.133644 2171.789014 0.000000
IMG_4779 4 4596.865371 694.254466 5076.788734 654.916485 4983.951099 2242.597379 4533.924602 2223.715148 0.000000
IMG_4780 0 242.766149 806.235827 875.342040 773.859896 892.775234 3085.003311 252.727974 3097.455592 0.000000
IMG_4780 1 1358.490556 711.598489 2008.499641 724.050771 1883.976828 3107.417417 1246.420024 3075.041486 0.000000
IMG_4780 2 2466.743594 758.917158 3141.657242 761.407615 3081.886292 3212.016580 2404.482188 3187.112018 0.000000
IMG_4780 3 3537.639789 763.898071 4232.477087 766.388527 4202.591612 3254.354337 3482.849751 3224.468862 0.000000
IMG_4780 4 4603.555071 721.560314 5333.258757 724.050771 5305.863738 3251.863881 4561.217314 3221.978405 0.000000
IMG_4781 0 1060.973594 1895.446783 1524.798636 1870.004903 1714.634202 3564.825523 1284.079310 3556.997252 0.000000
IMG_4781 1 1869.242550 1842.605955 2380.037217 1850.434226 2417.221503 3605.923944 1955.353528 3572.653793 0.000000
IMG_4781 2 2728.395266 1885.661444 3266.588881 1885.661444 3286.159558 3719.433870 2787.107297 3688.120787 0.000000
IMG_4781 3 3579.719711 1889.575579 4164.882951 1893.489715 4125.741597 3785.974172 3589.505050 3754.661089 0.000000
IMG_4781 4 4483.884984 1840.648887 5114.060781 1840.648887 4998.593787 3830.986729 4431.044157 3784.017104 0.000000
IMG_4782 0 1204.746511 1586.637415 1529.277660 1540.275822 1611.302017 2938.256156 1288.554006 2936.473018 0.000000
IMG_4782 1 1757.519347 1488.564815 2123.062675 1465.384018 2137.327780 2950.738123 1766.435038 2929.340465 0.000000
IMG_4782 2 2369.135744 1472.516571 2773.908111 1443.986360 2813.137151 3029.196203 2399.449093 3007.798545 0.000000
IMG_4782 3 2991.450969 1420.805564 3444.368067 1378.010248 3494.295936 3071.991520 3041.378838 3054.160138 0.000000
IMG_4782 4 3695.790550 1310.250997 4205.768070 1265.672542 4244.997110 3089.822902 3738.585867 3059.509553 0.000000
IMG_4783 0 1692.922476 794.076665 1970.627825 760.858321 1929.437080 1880.980854 1630.471991 1888.953257 0.000000
IMG_4783 1 2192.526358 711.695174 2495.477648 699.736570 2406.452488 1862.378582 2092.871328 1855.734913 0.000000
IMG_4783 2 2712.061246 689.106700 3036.272275 663.860759 2979.136725 1884.967055 2640.309624 1887.624523 0.000000
IMG_4783 3 3219.637530 651.902156 3577.066903 613.368878 3530.561222 1880.980854 3171.803116 1883.638322 0.000000
IMG_4783 4 3765.747092 566.863197 4136.463802 542.945990 4107.231660 1849.091245 3723.227613 1850.419979 0.000000
IMG_4784 0 2454.023255 749.368464 2791.310972 740.720061 2801.194861 1923.080297 2458.965200 1931.728700 0.000000
IMG_4784 1 3054.469519 724.658742 3392.992722 728.365200 3347.279734 1923.080297 2998.872643 1904.548005 0.000000
IMG_4784 2 3628.970574 759.252353 3966.258291 755.545895 3984.790583 1944.083562 3624.028630 1947.790020 0.000000
IMG_4784 3 4167.642531 758.016867 4511.107678 761.723326 4550.643235 1952.731965 4189.881282 1956.438423 0.000000
IMG_4784 4 4690.253169 735.778117 5047.308663 732.071658 5102.905539 1939.141617 4734.730670 1940.377103 0.000000
IMG_4785 0 2345.817094 1298.258504 2689.326398 1293.073458 2690.622659 2511.559289 2340.632048 2518.040596 0.000000
IMG_4785 1 2962.837579 1281.407104 3305.050621 1290.480935 3240.237544 2514.151812 2891.543195 2493.411627 0.000000
IMG_4785 2 3544.859002 1326.776257 3896.145875 1329.368780 3880.590736 2554.335919 3516.341249 2551.743396 0.000000
IMG_4785 3 4097.066411 1337.146349 4449.649545 1347.516442 4443.168237 2580.261149 4089.288841 2573.779842 0.000000
IMG_4785 4 4627.237373 1326.776257 4985.005553 1335.850088 4995.375645 2571.187319 4628.533635 2564.706011 0.000000
IMG_4786 0 1478.188861 1509.661402 2004.283180 1513.515573 1988.866497 3309.559182 1487.824288 3307.632097 0.000000
IMG_4786 1 2408.971118 1503.880146 2913.867497 1548.203110 2778.971518 3324.975866 2281.783480 3294.142499 0.000000
IMG_4786 2 3270.378300 1613.724015 3765.639252 1625.286527 3667.357896 3402.059282 3168.242773 3382.788428 0.000000
IMG_4786 3 4060.483321 1646.484467 4563.452615 1673.463663 4440.119148 3434.819734 3954.493623 3413.621795 0.000000
IMG_4786 4 4810.119548 1654.192808 5324.651355 1673.463663 5189.755376 3430.965563 4684.858996 3402.059282 0.000000
IMG_4787 0 348.276526 469.425901 773.877710 445.687190 807.790155 1959.877856 397.449571 1964.964722 0.000000
IMG_4787 1 1089.263448 416.861611 1519.951498 427.035345 1450.430986 1985.312189 1026.525425 1964.964722 0.000000
IMG_4787 2 1825.163503 445.687190 2279.590265 450.774056 2225.330353 2056.528324 1784.468569 2036.180857 0.000000
IMG_4787 3 2544.107335 455.860923 3012.099075 452.469679 2947.665430 2098.918880 2481.369312 2083.658280 0.000000
IMG_4787 4 3261.355545 421.948478 3759.868486 415.165989 3666.609262 2098.918880 3185.052544 2078.571413 0.000000
IMG_4788 0 890.558146 1303.975577 1193.239980 1301.332068 1314.841415 2366.666382 1038.594676 2349.483571 0.000000
IMG_4788 1 1423.225303 1290.758030 1751.020477 1309.262596 1756.307496 2408.962534 1465.521455 2381.205685 0.000000
IMG_4788 2 1984.971065 1346.271729 2327.305541 1351.558748 2304.835710 2505.450629 1995.545103 2472.406761 0.000000
IMG_4788 3 2537.464543 1372.706823 2912.842888 1383.280861 2829.572339 2568.894857 2496.490147 2529.242215 0.000000
IMG_4788 4 3116.393116 1366.098050 3522.171819 1383.280861 3371.491780 2607.225744 3009.330983 2568.894857 0.000000
IMG_4789 0 901.436779 925.457180 1152.236750 904.772646 1187.141901 1929.949851 933.756363 1923.485934 0.000000
IMG_4789 1 1329.348071 884.088113 1611.174843 877.624196 1578.855259 1958.391084 1308.663537 1936.413767 0.000000
IMG_4789 2 1799.921214 893.137596 2106.310870 882.795329 2070.112936 2033.372519 1784.407813 2007.516852 0.000000
IMG_4789 3 2279.543840 877.624196 2619.545864 867.281929 2584.640713 2091.547771 2253.688173 2057.935403 0.000000
IMG_4789 4 2810.877801 833.669562 3181.906625 820.741728 3130.195291 2129.038488 2761.752033 2088.962204 0.000000
IMG_4790 0 915.906913 513.507590 1181.679742 493.777729 1065.621738 1497.679462 781.279629 1501.161202 0.000000
IMG_4790 1 1380.138929 451.996847 1662.159878 445.033367 1519.408533 1491.876562 1218.818304 1482.591922 0.000000
IMG_4790 2 1852.495004 447.354527 2154.245814 432.266987 2066.041732 1531.336283 1749.203381 1520.891063 0.000000
IMG_4790 3 2331.814560 412.537126 2647.492331 402.091906 2604.550869 1542.942084 2258.698018 1534.818023 0.000000
IMG_4790 4 2828.542817 367.274505 3172.074508 348.705224 3177.877408 1531.336283 2796.046576 1519.730483 0.000000
IMG_4791 0 1194.048097 741.062961 1494.077040 722.384116 1411.189666 1798.752540 1087.812168 1806.924534 0.000000
IMG_4791 1 1727.562598 696.700705 2026.424112 699.035560 1936.532172 1794.082829 1603.815252 1785.910834 0.000000
IMG_4791 2 2252.905104 710.709838 2559.938613 703.705272 2554.101474 1832.607946 2202.705709 1826.770807 0.000000
IMG_4791 3 2750.229343 704.872699 3081.778836 694.365849 3144.819936 1854.789074 2766.573332 1843.114796 0.000000
IMG_4791 4 3256.893004 667.515010 3601.284203 659.343016 3726.198976 1837.277657 3332.775811 1831.440518 0.000000
IMG_4792 0 1377.981629 938.042252 1652.704308 934.089408 1654.680730 1881.783828 1359.205618 1897.595206 0.000000
IMG_4792 1 1864.181478 921.242664 2131.986679 928.160141 2111.234246 1877.830984 1822.676612 1873.878140 0.000000
IMG_4792 2 2317.770361 955.830051 2586.563773 953.853629 2630.045061 1906.489105 2339.511005 1903.524472 0.000000
IMG_4792 3 2742.701123 953.853629 3006.553480 955.830051 3091.539633 1910.441950 2795.076310 1910.441950 0.000000
IMG_4792 4 3141.938397 952.865418 3413.696443 947.924363 3525.364294 1890.677728 3229.889183 1896.606995 0.000000
IMG_4793 0 819.918022 1224.888654 1203.465500 1234.409336 1181.703941 2534.662488 807.677145 2545.543268 0.000000
IMG_4793 1 1516.287911 1233.049239 1863.112758 1265.691577 1761.105450 2538.742781 1402.039726 2523.781709 0.000000
IMG_4793 2 2107.930297 1307.854598 2452.034950 1325.535865 2390.830565 2575.465411 2044.005718 2571.385119 0.000000
IMG_4793 3 2647.888981 1339.136839 2986.553243 1356.818106 2917.188274 2580.905801 2583.964401 2572.745217 0.000000
IMG_4793 4 3151.125033 1348.657521 3480.268614 1369.058983 3414.983937 2561.864437 3081.760064 2548.263463 0.000000
IMG_4794 0 2277.486407 2084.943117 2650.235453 2072.133872 2663.044699 3323.597166 2313.352294 3345.372884 0.000000
IMG_4794 1 2944.848102 2059.324626 3298.383281 2073.414796 3208.718561 3303.102373 2864.149855 3304.383298 0.000000
IMG_4794 2 3545.601721 2101.595136 3899.136899 2105.437910 3812.034029 3319.754393 3475.150870 3326.159015 0.000000
IMG_4794 3 4093.837432 2113.123457 4443.529837 2116.966231 4328.246627 3312.068845 3999.049015 3317.192543 0.000000
IMG_4794 4 4608.769105 2102.876061 4946.933189 2107.999759 4811.155186 3286.450354 4488.362197 3286.450354 0.000000
IMG_4795 0 498.581128 1146.186712 1085.299045 1087.739716 1262.887993 3133.384559 687.409883 3180.591747 0.000000
IMG_4795 1 1523.651511 1029.292721 2105.873505 1013.556991 2148.584771 3099.665138 1566.362777 3113.152906 0.000000
IMG_4795 2 2528.490242 1036.036605 3128.695926 1013.556991 3187.142922 3124.392713 2598.177044 3144.624366 0.000000
IMG_4795 3 3485.385742 995.752502 4093.071352 973.093686 4138.030579 3113.152906 3531.081011 3131.136597 0.000000
IMG_4795 4 4405.537982 914.646691 5041.711048 887.671155 5061.942700 3052.457950 4448.249248 3068.193679 0.000000
IMG_4796 0 1325.405693 1705.171793 1682.402293 1653.043970 1895.652475 2972.035835 1544.974398 2997.309930 0.000000
IMG_4796 1 1944.621035 1607.234672 2330.050993 1583.540207 2437.465899 2965.717311 2075.730406 2965.717311 0.000000
IMG_4796 2 2605.337646 1595.604614 2998.234896 1556.686481 3109.980225 2988.880859 2726.538368 3002.048823 0.000000
IMG_4796 3 3232.020280 1545.629064 3674.316953 1501.399397 3765.935550 3003.628454 3344.174079 3009.946978 0.000000
IMG_4796 4 3914.420861 1447.691944 4385.150892 1409.780800 4435.699083 2979.933990 3987.083886 2983.093252 0.000000
IMG_4797 0 1774.652281 1018.447582 2057.882835 989.644475 2086.685942 2027.756463 1799.855000 2045.758405 0.000000
IMG_4797 1 2272.706010 960.841368 2563.137340 941.639296 2539.134751 1992.952708 2245.103032 1998.953356 0.000000
IMG_4797 2 2770.759738 946.439814 3067.191716 929.638001 3076.792752 2004.954003 2773.159997 2013.354909 0.000000
IMG_4797 3 3244.810877 918.836836 3554.444279 893.634117 3576.046610 1986.952061 3256.812172 1998.953356 0.000000
IMG_4797 4 3717.661887 854.029845 4044.097102 836.027903 4080.100986 1949.748048 3745.264864 1962.949472 0.000000
IMG_4798 0 815.484689 807.368748 1346.691114 797.882919 1418.783414 2609.676262 853.428005 2649.516744 0.000000
IMG_4798 1 1748.890264 740.967945 2257.330700 750.453774 2281.993855 2537.583961 1731.815772 2556.555619 0.000000
IMG_4798 2 2608.306373 788.397090 3105.363814 771.322598 3221.090928 2526.200966 2722.136322 2550.864122 0.000000
IMG_4798 3 3382.350021 784.602758 3864.230136 777.014095 4027.386395 2493.949148 3517.048794 2522.406635 0.000000
IMG_4798 4 4093.787198 758.042437 4566.181483 735.276447 4782.458385 2425.651179 4277.812281 2448.417168 0.000000
IMG_4799 0 568.770928 1189.591718 1108.866489 1182.317703 1192.517654 2966.269710 648.785085 3006.276789 0.000000
IMG_4799 1 1510.755779 1158.677157 2007.207255 1167.769675 2001.751744 2904.440588 1494.389247 2917.170113 0.000000
IMG_4799 2 2358.178445 1213.232264 2834.626381 1209.595257 2883.725978 2900.803581 2405.459538 2915.351610 0.000000
IMG_4799 3 3096.490896 1227.780293 3556.572300 1211.413761 3620.219925 2871.707524 3158.320018 2886.255553 0.000000
IMG_4799 4 3782.066744 1196.865732 4214.870594 1196.865732 4302.158766 2809.878403 3847.532872 2824.426431 0.000000
IMG_4800 0 1204.327956 1594.041683 1704.545297 1585.868197 1769.933185 3197.679630 1312.217971 3214.026602 0.000000
IMG_4800 1 2100.142018 1577.694711 2574.204204 1602.215169 2479.391767 3179.697961 2042.927616 3174.793869 0.000000
IMG_4800 2 2906.047734 1657.794874 3355.589462 1669.237754 3247.699448 3210.757207 2827.582269 3207.487813 0.000000
IMG_4800 3 3610.602225 1682.315332 4061.023926 1705.743896 3913.021205 3202.583721 3497.808118 3205.853116 0.000000
IMG_4800 4 4280.828074 1675.776543 4718.926921 1693.758212 4519.493864 3169.889777 4117.358354 3173.159172 0.000000
IMG_4801 0 2306.879325 1873.414280 2604.500244 1866.606812 2636.422688 2905.759304 2344.989782 2913.605575 0.000000
IMG_4801 1 2847.151097 1857.721739 3148.672065 1871.172488 3092.627275 2916.968262 2805.677952 2899.033930 0.000000
IMG_4801 2 3368.367640 1899.194883 3675.493087 1907.041154 3627.294568 2961.804094 3326.894496 2946.111553 0.000000
IMG_4801 3 3857.078206 1913.766528 4175.412610 1919.371007 4107.037967 2985.342906 3805.516999 2970.771260 0.000000
IMG_4801 4 4340.184292 1901.436675 4664.123176 1911.524737 4574.451512 2986.463801 4263.963378 2975.254844 0.000000
IMG_4802 0 2219.566837 2016.829961 2484.520122 1999.638336 2533.061182 2942.143916 2278.220618 2955.290453 0.000000
IMG_4802 1 2689.808355 1980.424166 2953.750368 1980.424166 2950.716552 2947.200276 2683.740722 2931.019923 0.000000
IMG_4802 2 3147.914608 1999.638336 3425.003158 1989.525615 3437.138423 2975.515895 3164.094961 2970.459534 0.000000
IMG_4802 3 3589.840508 1993.570703 3883.109411 1980.424166 3895.244676 2989.673704 3607.032133 2981.583527 0.000000
IMG_4802 4 4039.856584 1959.187452 4345.260753 1953.119820 4345.260753 2972.482078 4046.935489 2969.448262 0.000000
IMG_4803 0 472.060370 858.334333 878.060677 831.373375 977.974816 2296.780736 571.974508 2318.983878 0.000000
IMG_4803 1 1190.490602 788.553030 1610.764358 788.553030 1607.592481 2290.436981 1195.248418 2279.335411 0.000000
IMG_4803 2 1908.920834 807.584295 2341.882100 793.310846 2364.085242 2323.741694 1940.639608 2323.741694 0.000000
IMG_4803 3 2592.460415 786.967092 3033.351374 772.693643 3052.382638 2326.913572 2613.077618 2326.913572 0.000000
IMG_4803 4 3269.656241 739.388930 3727.992526 721.943605 3727.992526 2295.194798 3269.656241 2292.022920 0.000000
IMG_4804 0 1392.953871 1179.943227 1609.867576 1167.428974 1651.581749 1940.809758 1432.999478 1950.821160 0.000000
IMG_4804 1 1783.398539 1150.743305 2001.146527 1153.246155 1990.300841 1937.472624 1773.387137 1931.632640 0.000000
IMG_4804 2 2157.991821 1164.091841 2383.248360 1159.920423 2390.756911 1956.661144 2165.500372 1954.992578 0.000000
IMG_4804 3 2518.402283 1155.749006 2753.670224 1149.909021 2753.670224 1965.003979 2520.905133 1959.998278 0.000000
IMG_4804 4 2877.978462 1130.720501 3121.589237 1124.880517 3119.086387 1949.986877 2880.481312 1947.484026 0.000000
IMG_4805 0 1537.016568 1358.120307 1732.294110 1338.517156 1824.278126 2002.762387 1643.325963 2009.548093 0.000000
IMG_4805 1 1871.024102 1330.223515 2068.563546 1318.914005 2110.031750 2004.270322 1922.293881 1997.484616 0.000000
IMG_4805 2 2213.325277 1330.977482 2422.928199 1316.652103 2465.150370 2033.675049 2262.333154 2026.135375 0.000000
IMG_4805 3 2549.594713 1316.652103 2776.538884 1304.588625 2792.372198 2040.460755 2585.031178 2037.444885 0.000000
IMG_4805 4 2900.189529 1284.231507 3139.951145 1275.183899 3128.641635 2037.444885 2914.514908 2031.413147 0.000000
IMG_4806 0 1280.060575 1334.587780 1436.285183 1320.320692 1506.907265 1933.805452 1349.969304 1939.512287 0.000000
IMG_4806 1 1548.995173 1307.480313 1715.206742 1298.920061 1748.021043 1932.378744 1586.802955 1925.958554 0.000000
IMG_4806 2 1829.343442 1307.480313 2003.401909 1298.206707 2040.496336 1958.059501 1870.004641 1954.492729 0.000000
IMG_4806 3 2102.558166 1297.493352 2288.030303 1280.372847 2326.551439 1970.186525 2142.506011 1965.906399 0.000000
IMG_4806 4 2390.039978 1260.398925 2592.632620 1246.131837 2618.313378 1970.899880 2422.854280 1960.912919 0.000000
IMG_4807 0 397.454263 586.991847 682.900492 582.234410 657.923947 1628.870582 374.856437 1628.870582 0.000000
IMG_4807 1 876.766056 548.932350 1170.537800 558.447224 1088.472009 1637.196097 797.078984 1618.166348 0.000000
IMG_4807 2 1370.350160 560.825942 1667.689982 557.257865 1615.358173 1688.338546 1304.935399 1665.740720 0.000000
IMG_4807 3 1846.093875 547.742990 2160.084726 547.742990 2111.320996 1708.557654 1792.572707 1693.095983 0.000000
IMG_4807 4 2334.920541 514.440930 2666.751782 510.872852 2623.934848 1710.936373 2279.020655 1688.338546 0.000000
IMG_4808 0 671.186919 202.187918 1009.882950 192.370642 959.569409 1370.443792 602.465986 1380.261069 0.000000
IMG_4808 1 1266.359292 162.918813 1600.146685 166.600291 1517.926996 1358.172197 1158.369254 1347.127761 0.000000
IMG_4808 2 1835.761315 187.462003 2173.230187 178.871887 2158.504272 1387.624026 1802.628008 1385.169707 0.000000
IMG_4808 3 2372.030031 181.326206 2715.634700 180.099046 2746.313688 1387.624026 2372.030031 1387.624026 0.000000
IMG_4808 4 2893.572832 155.555856 3249.449096 144.511420 3319.397189 1356.945037 2935.296256 1360.626516 0.000000
IMG_4809 0 599.425565 1561.464451 956.769492 1521.162504 1162.309420 2722.160513 825.116467 2761.119062 0.000000
IMG_4809 1 1242.913313 1495.637938 1623.095010 1471.456770 1692.951717 2708.726531 1353.071967 2712.756726 0.000000
IMG_4809 2 1889.087857 1494.294540 2266.582757 1474.143566 2316.288491 2719.473717 1971.035149 2730.220903 0.000000
IMG_4809 3 2488.243464 1466.083177 2883.202541 1448.619000 2879.172346 2704.696336 2527.202012 2714.100124 0.000000
IMG_4809 4 3088.742468 1412.347248 3485.044943 1396.226469 3432.652413 2669.767983 3063.217902 2672.454779 0.000000
IMG_4810 0 1114.595526 825.962413 1452.584133 811.830485 1544.441664 1962.404943 1217.052003 1997.734762 0.000000
IMG_4810 1 1712.847137 792.987915 2034.348495 794.165576 2043.769781 1921.186820 1728.156726 1930.608105 0.000000
IMG_4810 2 2254.571037 817.718789 2561.940468 814.185807 2591.381984 1912.943195 2288.723196 1927.075123 0.000000
IMG_4810 3 2729.168280 817.718789 3031.827068 815.363467 3054.202620 1885.857000 2757.432136 1905.877231 0.000000
IMG_4810 4 3170.791025 792.987915 3460.495545 788.277272 3472.272152 1843.461217 3188.455935 1858.770805 0.000000
IMG_4811 0 2316.787157 1307.024576 2532.504692 1292.481821 2583.404335 2067.287499 2365.263008 2083.446116 0.000000
IMG_4811 1 2699.746377 1278.746997 2916.271842 1273.899412 2922.735289 2047.089228 2702.978100 2046.281297 0.000000
IMG_4811 2 3062.507325 1292.481821 3273.377275 1286.826305 3294.383477 2051.128882 3081.897665 2055.976467 0.000000
IMG_4811 3 3384.871731 1289.250098 3593.317888 1284.402513 3617.555814 2039.817850 3406.685864 2042.241643 0.000000
IMG_4811 4 3691.885451 1268.243896 3904.371263 1265.820103 3928.609188 2018.811649 3715.315446 2018.003718 0.000000
IMG_4812 0 2113.884392 499.502296 2331.975757 491.484231 2380.084147 1270.038333 2153.172910 1283.669044 0.000000
IMG_4812 1 2510.778605 478.655327 2728.068164 483.466166 2748.113326 1264.425688 2509.976798 1260.416655 0.000000
IMG_4812 2 2882.015010 504.313135 3105.719021 506.718554 3163.449088 1275.650979 2929.321593 1280.461818 0.000000
IMG_4812 3 3225.188188 507.520361 3451.297618 509.123974 3522.658396 1281.263624 3286.927288 1287.678076 0.000000
IMG_4812 4 3557.136075 496.295070 3780.038279 500.304102 3869.840606 1265.227494 3628.496853 1269.236527 0.000000
IMG_4813 0 1511.371001 1760.276055 1764.489957 1745.071029 1801.160901 2605.496594 1560.563731 2626.068099 0.000000
IMG_4813 1 1965.732942 1725.393937 2208.118938 1727.182764 2185.758606 2584.925089 1942.478197 2591.185981 0.000000
IMG_4813 2 2378.057459 1743.282202 2623.126695 1742.387789 2609.710496 2592.080395 2374.479806 2595.658048 0.000000
IMG_4813 3 2760.866338 1737.915723 3003.252334 1738.810136 2976.419936 2574.192129 2743.872486 2583.136262 0.000000
IMG_4813 4 3122.209299 1716.449804 3361.912055 1713.766565 3325.241111 2546.465318 3090.904834 2554.515037 0.000000
IMG_4814 0 108.938275 1401.316853 624.804723 1372.278013 781.956091 3020.659212 284.879481 3066.779722 0.000000
IMG_4814 1 1014.266809 1350.071841 1495.969916 1351.780008 1521.592422 2983.079537 1053.554651 2995.036706 0.000000
IMG_4814 2 1832.478824 1387.651516 2300.516594 1384.235182 2336.388102 2979.663202 1882.015668 3001.869374 0.000000
IMG_4814 3 2568.698821 1391.067850 3017.946753 1391.067850 3028.195756 2955.748864 2596.029493 2972.830534 0.000000
IMG_4814 4 3250.257472 1363.737178 3692.672736 1360.320843 3679.007400 2899.379351 3251.965639 2913.044688 0.000000
IMG_4815 0 981.260822 1384.387128 1517.908230 1357.066896 1627.189156 3226.551321 1108.104754 3255.822998 0.000000
IMG_4815 1 1935.517485 1316.086549 2462.407668 1318.037994 2444.844662 3212.891205 1925.760260 3208.988315 0.000000
IMG_4815 2 2848.793802 1357.066896 3387.392655 1351.212561 3397.149880 3251.920108 2870.259698 3259.725888 0.000000
IMG_4815 3 3701.575319 1351.212561 4257.737178 1333.649555 4255.785733 3257.774443 3707.429654 3265.580224 0.000000
IMG_4815 4 4544.599611 1294.620652 5106.615806 1296.572097 5087.101354 3216.794096 4523.133715 3214.842650 0.000000
IMG_4816 0 1646.347541 1781.769107 1997.817082 1750.802628 2118.586351 3071.522973 1770.213458 3083.909565 0.000000
IMG_4816 1 2259.483832 1715.191177 2638.823204 1699.707937 2666.693036 3080.812917 2304.385227 3065.329677 0.000000
IMG_4816 2 2903.586603 1718.287825 3303.054187 1695.062965 3351.052230 3139.649228 2959.326266 3130.359284 0.000000
IMG_4816 3 3539.947754 1685.773021 3978.123437 1660.999838 4016.831536 3172.164031 3587.945797 3161.325763 0.000000
IMG_4816 4 4216.565328 1614.550119 4688.804139 1594.421907 4694.997435 3164.422411 4244.435160 3155.132467 0.000000
IMG_4817 0 1707.214907 1023.020397 1986.961452 999.313062 1992.888285 2056.660173 1701.288073 2062.587007 0.000000
IMG_4817 1 2199.142094 961.381327 2491.927673 955.454494 2440.956904 2041.250406 2150.542058 2025.840639 0.000000
IMG_4817 2 2700.552215 960.195961 3005.191461 942.415460 2981.484127 2059.030907 2673.288780 2056.660173 0.000000
IMG_4817 3 3181.811102 934.117893 3505.416215 915.152026 3484.079614 2061.401640 3161.659867 2061.401640 0.000000
IMG_4817 4 3674.923656 877.220291 4010.382436 861.810523 3997.343402 2035.323572 3655.957788 2037.694306 0.000000
IMG_4818 0 1566.778354 136.306593 2014.045576 124.921609 1947.362099 1720.445770 1477.324910 1720.445770 0.000000
IMG_4818 1 2366.980074 92.393084 2815.873722 110.283773 2690.638900 1725.325049 2220.601711 1700.928655 0.000000
IMG_4818 2 3139.532548 141.185871 3601.437606 141.185871 3552.644818 1787.129247 3061.464087 1769.238558 0.000000
IMG_4818 3 3877.930070 144.438724 4352.846538 146.065150 4346.340833 1813.152067 3842.148692 1803.393509 0.000000
IMG_4818 4 4603.316182 116.789478 5086.364781 118.415904 5114.014028 1795.261378 4603.316182 1787.129247 0.000000
IMG_4819 0 1907.976685 1687.959595 2287.847412 1671.980225 2349.254395 3048.016602 1956.669556 3057.020264 0.000000
IMG_4819 1 2597.545754 1642.788500 2976.804371 1651.123854 2961.522888 2995.894333 2586.431948 3002.840462 0.000000
IMG_4819 2 3239.368028 1676.129917 3615.848193 1670.573014 3639.465030 3009.786590 3265.763316 3023.678847 0.000000
IMG_4819 3 3829.788951 1678.908368 4211.826019 1667.794563 4232.664405 3004.229687 3854.795014 3009.786590 0.000000
IMG_4819 4 4388.257683 1640.010048 4760.570171 1637.231597 4789.743911 2959.774465 4414.652972 2972.277496 0.000000
IMG_4820 0 2041.702994 2348.696331 2422.394124 2317.210598 2526.869510 3635.317857 2160.490076 3671.097098 0.000000
IMG_4820 1 2730.095602 2281.431356 3106.493223 2277.137847 3116.511410 3598.107446 2744.407298 3615.281482 0.000000
IMG_4820 2 3376.984289 2298.605392 3761.968928 2280.000187 3780.574134 3600.969785 3407.038852 3622.437330 0.000000
IMG_4820 3 3982.369056 2278.569017 4373.078374 2264.257321 4371.647204 3576.639901 3986.662565 3598.107446 0.000000
IMG_4820 4 4564.855108 2225.615740 4946.977408 2214.166382 4936.959221 3533.704811 4546.249903 3546.585338 0.000000
IMG_4821 0 2267.873498 2326.561624 2553.780180 2321.286593 2570.660279 3308.772402 2294.248653 3311.937421 0.000000
IMG_4821 1 2775.331483 2312.846544 3058.073146 2319.176581 3007.432849 3306.662390 2732.076229 3296.112328 0.000000
IMG_4821 2 3258.524326 2346.606742 3543.376001 2352.936779 3510.670809 3345.697619 3231.094164 3340.422588 0.000000
IMG_4821 3 3710.066982 2365.596854 4000.193688 2372.981897 3956.938434 3361.522712 3674.042236 3355.958008 0.000000
IMG_4821 4 4153.169588 2355.046792 4446.461313 2363.486842 4385.270953 3349.917644 4096.199253 3342.532601 0.000000
IMG_4822 0 2646.191734 1931.630686 2929.732712 1926.399302 2951.704523 2942.333954 2663.978437 2949.657890 0.000000
IMG_4822 1 3155.728474 1912.797706 3442.408283 1924.306749 3397.418386 2936.056294 3112.208252 2921.353271 0.000000
IMG_4822 2 3640.154575 1949.417389 3931.019490 1952.556219 3914.279063 2963.259487 3620.275318 2960.120657 0.000000
IMG_4822 3 4094.238652 1960.926433 4385.103567 1963.018986 4361.039204 2972.675977 4076.451948 2969.537147 0.000000
IMG_4822 4 4523.212088 1946.278559 4808.845620 1950.463666 4784.781257 2955.935551 4494.962618 2949.657890 0.000000
IMG_4823 0 880.014729 1098.464668 1430.569589 1049.427393 1564.307612 3046.581866 1027.126554 3075.558438 0.000000
IMG_4823 1 1854.073328 978.100448 2418.001991 969.184580 2435.833727 3017.605294 1874.134031 3022.063229 0.000000
IMG_4823 2 2834.818828 991.474250 3423.266128 951.352843 3467.845469 3066.642569 2883.856103 3071.100504 0.000000
IMG_4823 3 3766.527053 953.581810 4386.179892 913.460404 4419.614397 3068.871536 3815.564328 3073.329471 0.000000
IMG_4823 4 4707.151146 866.652096 5358.009523 833.217590 5378.070227 3024.292196 4722.753915 3022.063229 0.000000
IMG_4824 0 1457.997639 589.989618 1788.971502 554.324331 1703.374813 1795.476318 1365.267893 1799.756152 0.000000
IMG_4824 1 2028.642230 510.099375 2369.602374 492.980037 2238.547119 1773.733154 1884.554471 1764.090865 0.000000
IMG_4824 2 2602.140045 491.553426 2971.632418 468.727642 2884.609118 1804.035986 2516.543356 1805.462598 0.000000
IMG_4824 3 3181.344305 451.608305 3562.249570 421.649464 3505.185111 1805.462598 3107.160508 1805.462598 0.000000
IMG_4824 4 3776.241292 374.571285 4182.825563 351.745501 4155.719945 1769.797311 3720.662354 1771.736694 0.000000
IMG_4825 0 2184.619959 1696.794247 2465.264295 1670.527043 2512.268765 2786.191965 2221.947038 2790.339419 0.000000
IMG_4825 1 2674.019441 1635.964933 2980.930981 1624.905058 2964.341168 2798.634325 2658.812113 2784.809481 0.000000
IMG_4825 2 3195.216065 1631.817480 3517.334934 1609.697729 3539.454684 2858.081155 3199.363518 2844.256311 0.000000
IMG_4825 3 3737.149955 1597.255369 4106.273294 1568.223197 4115.950685 2892.643265 3739.914924 2881.583390 0.000000
IMG_4825 4 4320.558378 1526.748664 4725.626311 1506.011398 4728.391280 2903.703141 4319.175894 2885.730843 0.000000
IMG_4826 0 2000.434924 2159.304302 2280.195909 2131.200459 2427.102362 3194.036712 2152.451167 3197.869054 0.000000
IMG_4826 1 2485.864944 2108.206405 2784.787640 2101.819168 2861.434485 3220.863108 2570.176473 3201.701397 0.000000
IMG_4826 2 2991.734122 2123.535774 3318.760661 2112.038748 3406.904533 3287.290374 3088.820126 3277.070794 0.000000
IMG_4826 3 3509.100327 2112.038748 3870.617947 2097.986826 3935.887451 3337.840820 3595.966752 3317.949112 0.000000
IMG_4826 4 4068.622297 2073.715325 4463.353549 2055.831061 4499.122077 3346.052955 4128.662326 3330.723586 0.000000
IMG_4827 0 2588.525794 2505.128158 2939.886190 2468.003286 3049.934918 3663.954520 2711.833405 3694.449951 0.000000
IMG_4827 1 3220.974507 2438.833743 3578.964344 2429.552525 3582.942009 3637.436755 3246.166384 3644.066196 0.000000
IMG_4827 2 3833.534895 2442.811408 4199.480062 2428.226637 4199.480062 3636.110866 3852.097331 3652.021526 0.000000
IMG_4827 3 4402.340970 2420.271307 4769.612026 2405.686536 4744.420148 3617.548430 4394.385640 3625.503760 0.000000
IMG_4827 4 4949.932833 2361.932223 5333.114547 2352.651005 5278.753128 3573.794117 4919.437402 3583.075335 0.000000
IMG_4828 0 2136.230266 1434.088747 2501.235464 1416.514422 2568.829020 2726.477522 2198.416337 2750.811201 0.000000
IMG_4828 1 2795.943365 1392.180743 3162.300434 1396.236356 3140.670496 2698.088228 2782.424654 2698.088228 0.000000
IMG_4828 2 3424.563428 1424.625649 3793.624239 1413.810680 3796.327982 2717.014424 3431.322784 2718.366295 0.000000
IMG_4828 3 4001.812389 1421.921907 4370.873201 1412.458809 4374.928814 2704.847584 4000.460518 2721.070037 0.000000
IMG_4828 4 4542.560831 1392.180743 4915.677255 1390.828871 4904.862286 2668.347064 4547.968315 2677.810162 0.000000
IMG_4829 0 2715.224286 1814.286942 2988.430224 1818.426426 2969.802547 2776.716952 2699.701221 2773.612339 0.000000
IMG_4829 1 3203.683388 1812.217200 3465.505745 1829.810006 3399.274003 2784.995919 3125.033194 2765.333371 0.000000
IMG_4829 2 3653.852263 1863.960749 3928.093073 1878.448942 3881.523879 2831.565113 3612.457424 2813.972307 0.000000
IMG_4829 3 4079.184236 1883.623297 4348.250690 1901.216104 4307.890722 2856.402017 4035.719654 2839.844081 0.000000
IMG_4829 4 4487.958272 1891.902265 4755.989855 1907.425330 4710.455532 2853.297404 4440.354207 2838.809210 0.000000
IMG_4830 0 3184.835759 1553.627578 3415.831352 1569.288296 3361.997633 2381.688050 3129.044451 2365.048537 0.000000
IMG_4830 1 3600.823585 1576.139860 3832.797972 1602.567322 3745.685228 2416.924666 3504.901686 2388.539614 0.000000
IMG_4830 2 3994.299128 1637.803938 4232.146285 1658.358631 4180.270156 2482.503923 3930.677461 2459.991641 0.000000
IMG_4830 3 4361.347210 1682.828503 4601.151956 1703.383195 4562.000161 2528.507282 4316.938965 2505.148926 0.000000
IMG_4830 4 4721.543727 1698.489221 4957.433294 1723.937888 4930.027037 2551.998360 4679.455547 2528.507282 0.000000
IMG_4831 0 446.491516 804.142763 863.842502 799.418035 892.190871 2279.832852 465.390429 2289.282308 0.000000
IMG_4831 1 1181.974197 769.494757 1599.325182 778.944213 1541.053535 2278.257942 1120.552731 2265.658667 0.000000
IMG_4831 2 1896.983055 815.167129 2320.633678 818.316948 2295.435128 2333.379771 1868.634686 2327.080133 0.000000
IMG_4831 3 2567.894450 818.316948 2996.269802 821.466766 2978.945798 2350.703774 2538.173096 2335.668701 0.000000
IMG_4831 4 3221.284180 797.559021 3664.658691 803.453125 3637.257919 2331.804861 3196.283293 2320.780496 0.000000
IMG_4832 0 1321.303462 1205.625351 1532.645925 1203.999640 1535.897348 1960.768228 1320.490607 1963.206795 0.000000
IMG_4832 1 1702.532751 1196.683939 1913.062358 1202.373929 1871.606722 1965.645362 1659.451403 1947.762538 0.000000
IMG_4832 2 2064.253505 1219.443897 2278.847390 1221.069608 2260.151711 1989.218175 2040.680692 1983.528186 0.000000
IMG_4832 3 2404.840013 1226.759597 2626.749599 1225.946742 2616.995331 2009.539566 2387.770044 1995.721020 0.000000
IMG_4832 4 2748.677943 1212.941052 2977.090374 1212.941052 2964.897539 2001.411010 2734.046541 1996.533876 0.000000
IMG_4833 0 731.082181 1428.170628 1065.859131 1398.877645 1265.330396 2588.730719 955.661718 2580.361295 0.000000
IMG_4833 1 1304.387707 1369.584662 1668.457639 1362.610142 1754.941685 2608.259375 1425.744351 2585.940911 0.000000
IMG_4833 2 1923.725063 1382.138797 2307.323651 1368.189758 2372.884137 2675.214764 2021.368340 2657.081013 0.000000
IMG_4833 3 2538.877708 1362.610142 2965.718318 1350.056006 2978.272454 2717.061883 2596.068770 2694.743420 0.000000
IMG_4833 4 3198.667279 1312.393600 3664.565200 1301.234368 3607.374138 2728.221115 3186.113143 2705.902651 0.000000
IMG_4834 0 829.835267 918.225931 1061.644674 897.056123 1117.744667 1798.889979 889.110732 1798.889979 0.000000
IMG_4834 1 1224.652202 871.652352 1468.105003 868.476881 1467.046513 1809.474883 1228.886163 1796.772998 0.000000
IMG_4834 2 1635.346493 882.237256 1897.852122 870.593862 1907.378536 1846.522049 1652.282340 1836.995635 0.000000
IMG_4834 3 2049.216255 863.184429 2332.891694 851.541034 2330.774713 1876.159781 2054.508708 1866.633367 0.000000
IMG_4834 4 2483.197336 816.610849 2800.744469 806.025945 2780.633150 1882.510724 2477.904884 1862.399405 0.000000
IMG_4835 0 1125.566000 996.833558 1336.124887 982.200122 1314.987702 1745.577710 1103.615846 1740.699898 0.000000
IMG_4835 1 1493.840811 975.696372 1703.586730 983.826059 1647.491891 1745.577710 1432.868160 1730.131305 0.000000
IMG_4835 2 1850.734060 999.272464 2065.357791 998.459495 2032.026076 1776.470520 1817.402345 1764.275990 0.000000
IMG_4835 3 2192.180905 999.272464 2414.934323 997.646527 2388.919325 1791.916925 2160.475127 1782.974269 0.000000
IMG_4835 4 2534.440719 976.509341 2768.575698 979.761216 2753.129293 1794.355831 2506.799783 1784.600207 0.000000
IMG_4836 0 525.564265 746.007708 924.588043 744.524348 881.570610 2159.649571 449.912916 2164.099651 0.000000
IMG_4836 1 1234.610236 725.240671 1627.700575 738.590909 1535.732270 2158.166211 1115.941454 2131.465736 0.000000
IMG_4836 2 1894.705334 771.224824 2287.795674 780.124983 2277.412156 2192.283486 1863.554779 2183.383328 0.000000
IMG_4836 3 2505.849561 789.025142 2894.489821 787.541782 2938.990614 2202.667005 2516.233079 2199.700285 0.000000
IMG_4836 4 3087.326591 781.608343 3471.516773 780.124983 3559.034999 2175.966529 3139.244184 2170.033090 0.000000
IMG_4837 0 1818.259559 944.365950 2056.900320 938.313467 2095.809140 1785.661098 1846.792693 1791.713581 0.000000
IMG_4837 1 2241.068734 923.614579 2479.709495 929.667063 2480.574136 1772.691491 2235.016251 1770.097570 0.000000
IMG_4837 2 2646.585100 948.689152 2880.902659 946.959871 2919.811479 1792.578221 2669.065751 1789.119659 0.000000
IMG_4837 3 3008.869444 953.012354 3244.916284 957.335557 3295.930070 1791.713581 3054.695387 1792.578221 0.000000
IMG_4837 4 3353.860979 942.636669 3590.772460 941.772029 3653.026571 1775.285412 3407.468687 1772.691491 0.000000
IMG_4838 0 2178.400551 1195.832314 2364.000059 1191.581943 2371.084010 1846.847383 2186.192897 1849.680963 0.000000
IMG_4838 1 2509.221048 1185.206388 2700.487717 1193.707129 2667.901544 1849.680963 2472.384505 1839.055037 0.000000
IMG_4838 2 2828.707225 1210.000215 3018.557104 1214.250586 3009.347968 1875.183186 2815.956114 1867.390840 0.000000
IMG_4838 3 3123.399574 1217.792561 3313.957848 1224.168117 3305.457107 1883.683927 3112.773648 1879.433556 0.000000
IMG_4838 4 3406.049207 1212.125400 3604.399827 1222.751326 3588.815135 1882.267137 3397.548466 1873.058001 0.000000
IMG_4839 0 1370.174307 1658.375758 1673.503989 1646.543749 1703.621830 2694.214353 1404.594696 2700.668176 0.000000
IMG_4839 1 1912.295441 1629.333555 2207.020025 1640.089926 2165.070176 2682.382345 1871.421228 2677.004159 0.000000
IMG_4839 2 2410.315450 1659.451395 2705.040035 1659.451395 2677.073469 2697.441265 2387.727070 2696.365628 0.000000
IMG_4839 3 2871.763797 1668.056493 3167.564018 1674.510316 3127.765443 2690.987442 2842.721593 2693.138716 0.000000
IMG_4839 4 3311.699399 1647.619387 3601.045798 1651.921935 3554.793400 2665.172150 3264.371364 2668.399061 0.000000
IMG_4840 0 430.078205 794.942000 852.387065 785.344071 897.177399 2273.023013 478.067848 2289.019560 0.000000
IMG_4840 1 1164.319747 743.753047 1593.027226 753.350976 1546.637238 2279.421632 1124.328377 2266.624393 0.000000
IMG_4840 2 1893.762324 777.345798 2330.468078 775.746143 2312.871875 2329.010930 1877.765776 2322.612311 0.000000
IMG_4840 3 2581.613877 783.744417 3031.116869 778.945452 3003.578857 2348.206787 2573.346680 2338.929443 0.000000
IMG_4840 4 3256.668193 743.753047 3723.767387 743.753047 3690.174637 2333.809894 3240.671645 2324.211965 0.000000
IMG_4841 0 1610.177348 1296.205685 1865.108300 1290.498276 1882.230528 2181.805372 1633.958221 2183.707842 0.000000
IMG_4841 1 2059.160218 1275.278517 2313.139935 1284.790866 2276.041774 2180.854137 2028.720702 2169.439318 0.000000
IMG_4841 2 2498.630740 1304.766799 2766.878980 1305.718034 2740.244403 2217.001063 2474.849867 2209.391184 0.000000
IMG_4841 3 2914.320389 1309.522973 3176.541504 1315.367798 3148.324173 2228.415882 2883.880872 2222.708472 0.000000
IMG_4841 4 3315.741514 1296.205685 3595.404573 1300.010625 3548.794063 2219.854768 3276.740883 2213.196123 0.000000
IMG_4842 0 647.495971 1228.437645 974.829952 1211.933411 1088.984239 2389.235460 786.406610 2380.983342 0.000000
IMG_4842 1 1207.264585 1189.927765 1552.478153 1192.678470 1568.982388 2424.994634 1249.900524 2389.235460 0.000000
IMG_4842 2 1791.789551 1214.684116 2156.258060 1209.182705 2167.260882 2499.263689 1823.422667 2475.882690 0.000000
IMG_4842 3 2374.939164 1213.308763 2771.040788 1205.056646 2753.161201 2548.776392 2375.450439 2521.692871 0.000000
IMG_4842 4 2991.097246 1176.174236 3420.207339 1177.549589 3352.815049 2568.031332 2950.286865 2536.218506 0.000000
IMG_4843 0 873.312701 832.044631 1133.614851 803.670463 1076.866515 1826.374168 806.695090 1826.374168 0.000000
IMG_4843 1 1306.327177 767.894339 1585.134218 754.324084 1493.843417 1826.374168 1203.933441 1810.336595 0.000000
IMG_4843 2 1767.715821 750.623106 2060.093116 732.118214 2009.513078 1864.617612 1706.032847 1851.047358 0.000000
IMG_4843 3 2234.039102 714.846981 2559.725203 691.407451 2527.650057 1892.991780 2190.861020 1876.954207 0.000000
IMG_4843 4 2739.839487 649.463029 3093.899756 629.724477 3098.834394 1886.823482 2716.399957 1873.253228 0.000000
IMG_4844 0 1585.354403 322.440978 1789.219481 313.542106 1690.522896 1048.912565 1472.905015 1045.676611 0.000000
IMG_4844 1 1951.017162 299.789303 2163.781112 310.306152 2029.489037 1059.429414 1811.062168 1046.485600 0.000000
IMG_4844 2 2315.061944 323.249967 2536.724766 323.249967 2436.410204 1101.496811 2201.803567 1090.170973 0.000000
IMG_4844 3 2671.825830 326.485920 2905.623479 326.485920 2830.387557 1128.193428 2582.028117 1112.822649 0.000000
IMG_4844 4 3034.252635 310.306152 3285.039040 311.115140 3225.173898 1133.047359 2963.061655 1113.631637 0.000000
IMG_4845 0 1376.840092 906.286498 1657.027481 905.237108 1662.274436 1902.158530 1365.296791 1908.454876 0.000000
IMG_4845 1 1880.547758 893.693807 2154.438802 908.385280 2120.858290 1892.714012 1832.275773 1882.220102 0.000000
IMG_4845 2 2350.674913 930.422491 2629.812912 935.669446 2638.208039 1928.393305 2344.378567 1921.047568 0.000000
IMG_4845 3 2786.172166 941.965792 3065.310165 948.262137 3095.742503 1951.479906 2801.913031 1937.837823 0.000000
IMG_4845 4 3204.879164 940.916401 3479.819598 943.015182 3529.140974 1936.788432 3235.311502 1923.146350 0.000000
IMG_4846 0 1931.766338 1222.832419 2122.894299 1217.895535 2134.178606 1889.311840 1944.461184 1892.838186 0.000000
IMG_4846 1 2268.885029 1209.432304 2459.307721 1216.484996 2437.444374 1890.017109 2249.137490 1880.143340 0.000000
IMG_4846 2 2594.014143 1230.590381 2790.078989 1233.411458 2786.552643 1912.585725 2587.666720 1906.943571 0.000000
IMG_4846 3 2899.395719 1239.053611 3094.755296 1238.348342 3094.755296 1919.638417 2895.164104 1918.227878 0.000000
IMG_4846 4 3192.787718 1229.885111 3385.326218 1233.411458 3388.852564 1917.522609 3190.671911 1910.469917 0.000000
IMG_4847 0 1223.974222 1852.224375 1424.002700 1845.379294 1478.002783 2537.493039 1286.340515 2530.647958 0.000000
IMG_4847 1 1577.636740 1844.618730 1781.468040 1850.703246 1775.383524 2547.380378 1581.439562 2530.647958 0.000000
IMG_4847 2 1922.933047 1876.562441 2131.327735 1876.562441 2128.285477 2585.408606 1927.496435 2574.000138 0.000000
IMG_4847 3 2253.778629 1887.210345 2464.455010 1887.210345 2452.285977 2605.943849 2249.975806 2594.535381 0.000000
IMG_4847 4 2579.300258 1887.210345 2803.666802 1893.294861 2767.920268 2615.070624 2558.004451 2601.380462 0.000000
IMG_4848 0 1257.709579 721.366778 1421.089415 703.557602 1414.894919 1365.594376 1248.417835 1366.368688 0.000000
IMG_4848 1 1530.267409 681.102553 1707.584861 678.779617 1664.223388 1367.917312 1492.326120 1357.076944 0.000000
IMG_4848 2 1821.408728 679.553929 2008.017924 670.262185 1969.302323 1390.372361 1788.707153 1381.783081 0.000000
IMG_4848 3 2111.775734 660.970441 2309.999610 647.807137 2265.863825 1404.309977 2073.834445 1394.243921 0.000000
IMG_4848 4 2417.628980 623.029152 2634.436345 608.317224 2584.880376 1399.664105 2368.847323 1389.598049 0.000000
IMG_4849 0 1023.378647 1230.154635 1546.131499 1205.162466 1571.123668 3085.823128 1060.866899 3089.988490 0.000000
IMG_4849 1 1941.840830 1165.591533 2485.420490 1188.501021 2391.699859 3117.063339 1864.781645 3089.988490 0.000000
IMG_4849 2 2866.551056 1225.989273 3422.626800 1228.071954 3360.146379 3212.866650 2806.153316 3183.709121 0.000000
IMG_4849 3 3753.773029 1236.402677 4332.758261 1234.319996 4270.277840 3260.768306 3685.044567 3235.776138 0.000000
IMG_4849 4 4630.581599 1205.162466 5251.220445 1200.997105 5165.830536 3275.347071 4557.687775 3223.280054 0.000000
IMG_4850 0 2459.607107 1777.004658 2700.100435 1768.774848 2716.560055 2633.819289 2470.580187 2634.733713 0.000000
IMG_4850 1 2889.386058 1753.229652 3137.194772 1758.716192 3098.788994 2631.990443 2857.381243 2621.931786 0.000000
IMG_4850 2 3312.764046 1777.004658 3564.230453 1776.090234 3550.514104 2669.481798 3296.304427 2661.251988 0.000000
IMG_4850 3 3718.767991 1778.833504 3983.036324 1775.175811 3968.405552 2681.369301 3699.565102 2675.882761 0.000000
IMG_4850 4 4124.771936 1756.887345 4397.270079 1756.887345 4382.639306 2682.283724 4105.569047 2673.139491 0.000000
IMG_4851 0 2939.229181 2095.225637 3186.046513 2074.200457 3238.107422 2935.449219 3003.218860 2951.773193 0.000000
IMG_4851 1 3392.641762 2059.574244 3642.201509 2055.003553 3625.747020 2921.606630 3382.586241 2920.692492 0.000000
IMG_4851 2 3824.115024 2072.372180 4087.386845 2061.402521 4071.846494 2937.146981 3820.458471 2940.803534 0.000000
IMG_4851 3 4235.477244 2056.831830 4500.577341 2053.175277 4469.496640 2929.833875 4217.194479 2929.833875 0.000000
IMG_4851 4 4633.127390 2033.064235 4900.055764 2027.579405 4851.606436 2901.495588 4594.733583 2906.980418 0.000000
IMG_4852 0 2077.953362 2169.982323 2319.593378 2128.139896 2566.463697 2925.238131 2341.560652 2954.527830 0.000000
IMG_4852 1 2499.515814 2095.712015 2749.524316 2061.192013 2924.216448 2892.810250 2690.944918 2904.316918 0.000000
IMG_4852 2 2928.400691 2059.099891 3185.731617 2017.257464 3357.285568 2875.027219 3115.645552 2892.810250 0.000000
IMG_4852 3 3341.594658 2007.842918 3616.708616 1970.184734 3760.018928 2849.921762 3501.641941 2867.704794 0.000000
IMG_4852 4 3764.203171 1934.618671 4056.054100 1893.822305 4166.936531 2801.802971 3900.191059 2820.632064 0.000000
IMG_4853 0 296.053005 1409.533266 692.403079 1371.176808 944.916433 2756.803881 570.940959 2756.803881 0.000000
IMG_4853 1 959.300105 1331.222163 1384.417523 1310.445748 1510.674200 2769.589368 1127.109612 2756.803881 0.000000
IMG_4853 2 1681.680078 1326.427606 2133.966655 1304.053005 2233.054174 2843.105914 1819.124056 2831.918613 0.000000
IMG_4853 3 2402.461867 1304.053005 2902.694017 1276.883846 2941.050475 2886.256930 2483.969342 2860.685957 0.000000
IMG_4853 4 3175.983786 1228.938273 3716.170580 1200.170929 3660.234078 2883.060558 3180.778343 2871.873258 0.000000
IMG_4854 0 497.136144 1010.811494 1035.514473 958.988981 1127.643385 3100.986185 580.627970 3098.107157 0.000000
IMG_4854 1 1380.997893 866.860069 1982.714850 843.827841 1936.650394 3149.929670 1355.086637 3109.623271 0.000000
IMG_4854 2 2385.778840 849.585898 3036.439281 786.247271 3036.439281 3288.123038 2377.141755 3250.695667 0.000000
IMG_4854 3 3427.987157 754.577958 4193.808738 691.239331 4170.776510 3403.284178 3433.745214 3337.066522 0.000000
IMG_4854 4 4611.267871 619.263618 5466.339336 535.771792 5437.549051 3434.953492 4570.961472 3368.735836 0.000000
IMG_4855 0 1379.722845 1171.912045 1862.064738 1175.369693 1886.268274 2840.227193 1403.926381 2852.328961 0.000000
IMG_4855 1 2237.219543 1163.267925 2705.730844 1192.657933 2626.204941 2822.938953 2150.778344 2810.837186 0.000000
IMG_4855 2 3023.834458 1239.336180 3480.243991 1251.437948 3437.023391 2864.430729 2984.071506 2866.159553 0.000000
IMG_4855 3 3737.838765 1272.183836 4187.333002 1286.014428 4147.570050 2890.363089 3698.075814 2878.261321 0.000000
IMG_4855 4 4410.351297 1256.624420 4842.557294 1280.827956 4799.336694 2864.430729 4363.673049 2848.871313 0.000000
IMG_4856 0 1634.124449 53.426160 2102.126402 43.203183 1995.637401 1668.300555 1475.289954 1663.555746 0.000000
IMG_4856 1 2476.444768 6.035611 2947.545848 36.410608 2805.418230 1679.371777 2291.397196 1641.413301 0.000000
IMG_4856 2 3281.480787 66.136532 3755.961742 74.044548 3749.635329 1747.380714 3215.053454 1728.401476 0.000000
IMG_4856 3 4042.231918 81.952564 4532.528904 85.115770 4606.864254 1779.012778 4064.374362 1760.033540 0.000000
IMG_4856 4 4785.585413 74.044548 5280.627209 78.789357 5437.205924 1775.849571 4874.155191 1753.707127 0.000000
IMG_4857 0 1828.000262 1182.511818 2001.628772 1172.217638 1994.765985 1807.025431 1809.470737 1811.143104 0.000000
IMG_4857 1 2149.660889 1161.817383 2324.866037 1161.237179 2285.748152 1813.888218 2099.080346 1801.535202 0.000000
IMG_4857 2 2454.572711 1172.903917 2646.044467 1169.472523 2636.436565 1837.907973 2437.415743 1830.358907 0.000000
IMG_4857 3 2758.594173 1169.472523 2954.869880 1168.786245 2958.301273 1851.633547 2751.045107 1841.339366 0.000000
IMG_4857 4 3061.243078 1155.060671 3263.009014 1153.688113 3278.793424 1846.829596 3066.047028 1839.280530 0.000000
IMG_4858 0 870.374902 925.547448 1374.180371 913.480251 1383.230769 2648.139803 867.358102 2654.173401 0.000000
IMG_4858 1 1769.381069 2144.334333 2276.203338 2174.502325 2122.346578 3978.548259 1633.625104 3942.346668 0.000000
IMG_4858 2 2502.463279 1130.689795 2988.182617 1120.470703 3000.235151 2886.466941 2493.412882 2895.517339 0.000000
IMG_4858 3 3259.679884 1875.839202 3769.518952 1915.057592 3642.813384 3731.170723 3139.007915 3679.885136 0.000000
IMG_4858 4 4291.425217 1528.907292 4795.230686 1604.327273 4599.138737 3405.356407 4083.266071 3335.970025 0.000000
IMG_4859 0 1280.667943 2000.023622 1634.235373 1962.208923 1798.729312 3125.010901 1475.413640 3153.371925 0.000000
IMG_4859 1 2023.726767 2780.897145 2365.949788 2782.787880 2377.294198 3885.086340 2055.869261 3871.851196 0.000000
IMG_4859 2 2458.595800 2100.232573 2808.381761 2085.106693 2878.338953 3242.236466 2549.351076 3264.925285 0.000000
IMG_4859 3 3020.144072 2574.807038 3366.148563 2580.479243 3305.645045 3714.920197 2986.110843 3701.685053 0.000000
IMG_4859 4 3721.606728 2342.246643 4078.955629 2363.044727 3908.789486 3512.611560 3581.692344 3480.469067 0.000000
IMG_4860 0 2048.837413 1492.017288 2312.226001 1495.209877 2307.437118 2392.327371 2028.085585 2397.116255 0.000000
IMG_4860 1 2530.918344 2116.168427 2795.903227 2132.131372 2717.684797 3107.467296 2431.948087 3093.100645 0.000000
IMG_4860 2 2907.643840 1619.720846 3166.243545 1618.124552 3194.976845 2518.434635 2918.817901 2521.627224 0.000000
IMG_4860 3 3319.487814 1983.675986 3590.857875 2002.831520 3567.930420 2961.049561 3275.708740 2933.519043 0.000000
IMG_4860 4 3852.650168 1820.853950 4127.212818 1852.779839 4077.727689 2792.997284 3785.605800 2753.089922 0.000000
IMG_4861 0 0.500000 494.672414 508.256547 382.120690 606.739306 2576.879310 15.842754 2619.086207 0.000000
IMG_4861 1 993.635858 1936.741379 1609.153099 1943.775862 1521.222065 4284.500000 926.808271 4233.500000 0.000000
IMG_4861 2 1816.670340 526.327586 2456.808271 445.431034 2562.325513 2851.224138 1890.532409 2903.982759 0.000000
IMG_4861 3 2875.359996 1461.913793 3571.773789 1461.913793 3469.773789 4022.465517 2748.739306 3966.189655 0.000000
IMG_4861 4 4320.946203 871.017241 5108.808271 885.086207 4859.084134 3586.327586 4081.773789 3487.844828 0.000000
IMG_4862 0 220.693923 948.922398 880.034204 874.280102 1206.594249 3116.659077 565.914542 3181.971086 0.000000
IMG_4862 1 1629.567260 2469.759179 2254.696489 2457.318796 2273.357063 4284.500000 1685.548982 4273.614665 0.000000
IMG_4862 2 2431.971942 1095.096895 3081.981936 1054.665651 3228.156432 3309.485009 2615.467586 3359.246539 0.000000
IMG_4862 3 3486.294372 2012.575116 4130.084175 2021.905403 4024.340923 4177.201700 3430.312650 4161.651221 0.000000
IMG_4862 4 4783.204265 1521.180001 5426.994068 1558.501149 5134.645075 3757.338785 4518.846133 3698.246967 0.000000
IMG_4863 0 1537.592875 1220.461947 1811.251920 1203.569414 1790.980879 2164.754577 1497.050794 2179.957857 0.000000
IMG_4863 1 2027.476350 1870.824492 2311.270915 1884.338519 2211.604967 2913.093817 1912.607121 2896.201283 0.000000
IMG_4863 2 2446.411184 1326.884909 2728.516496 1315.060136 2721.759482 2289.759326 2429.518650 2296.516339 0.000000
IMG_4863 3 2878.860045 1718.791689 3164.343863 1730.616463 3089.671875 2749.848877 2792.708123 2728.965200 0.000000
IMG_4863 4 3461.652455 1517.770539 3758.961047 1551.555606 3654.227338 2575.243144 3345.093973 2529.633303 0.000000
IMG_4864 0 1486.274221 1878.606055 1726.201163 1830.328073 1847.627603 2678.850185 1606.237692 2727.128167 0.000000
IMG_4864 1 1993.924519 2414.052767 2238.240369 2400.886045 2282.129444 3288.908325 2036.350625 3302.075047 0.000000
IMG_4864 2 2285.055382 1880.069024 2526.445293 1840.568857 2627.390165 2716.887383 2387.463223 2750.535674 0.000000
IMG_4864 3 2699.075654 2198.996301 2953.632288 2187.292548 2995.173584 3094.286133 2736.225586 3096.933594 0.000000
IMG_4864 4 3189.170323 1966.384204 3449.578833 1963.458266 3448.115864 2883.665868 3181.855477 2871.962114 0.000000
IMG_4865_00 0 842.346112 2049.979775 1220.975101 2004.634986 1343.406031 3328.702828 953.440845 3383.116575 0.000000
IMG_4865_00 1 1563.328258 2204.152058 1939.690008 2176.945185 1987.302037 3507.814745 1601.871329 3530.487139 0.000000
IMG_4865_00 2 2164.146714 1793.781717 2538.241224 1796.048956 2490.629196 3101.978882 2105.198488 3090.642685 0.000000
IMG_4865_00 3 2862.456466 1406.083770 3193.473427 1455.963038 3003.025312 2736.953330 2642.225098 2680.225342 0.000000
IMG_4865_00 4 3372.585344 1256.445966 3730.809178 1285.920079 3646.921318 2578.246568 3268.292329 2548.772455 0.000000
IMG_4866 0 816.979234 2869.755676 1195.066316 2797.836937 1476.576806 3987.578352 1119.037935 4036.894058 0.000000
IMG_4866 1 1554.660008 2982.770836 1910.144057 2939.619593 2068.365282 4127.306186 1729.319801 4147.854397 0.000000
IMG_4866 2 2109.461703 2561.532511 2487.548785 2561.532511 2495.768069 3798.534811 2156.722589 3796.479990 0.000000
IMG_4866 3 2794.496582 2165.195068 3169.749389 2203.993641 2990.979953 3473.873078 2633.441083 3430.721835 0.000000
IMG_4866 4 3352.628466 2006.730815 3740.989653 2029.333848 3627.974493 3330.035601 3264.271159 3311.542211 0.000000
IMG_4867 0 149.982759 1504.120690 804.189655 1444.327586 1025.775862 3712.948276 375.086207 3779.775862 0.000000
IMG_4867 1 1345.844828 1750.327586 2007.086207 1722.189655 2095.017241 4057.637931 1454.879310 4078.741379 0.000000
IMG_4867 2 2401.017241 1008.189655 3044.672414 1018.741379 2963.775862 3396.396552 2295.500000 3357.706897 0.000000
IMG_4867 3 3607.431034 287.155172 4268.672414 403.224138 3902.879310 2759.775862 3220.534483 2650.741379 0.000000
IMG_4867 4 4574.672414 44.465517 5253.500000 86.672414 5077.637931 2485.431034 4381.224138 2425.637931 0.000000
IMG_4868 0 1069.182039 1435.804566 1442.686034 1374.443195 1533.394147 2804.429918 1143.882838 2836.444546 0.000000
IMG_4868 1 1746.825001 1547.855764 2147.007852 1523.844793 2163.015166 3025.864429 1754.828658 3039.203857 0.000000
IMG_4868 2 2387.117563 1051.629028 2795.304071 1054.296914 2712.599615 2590.999063 2299.077336 2558.984435 0.000000
IMG_4868 3 3150.132866 552.734407 3579.662460 600.756349 3318.209664 2172.141012 2880.676413 2102.775985 0.000000
IMG_4868 4 3800.241943 331.299896 4253.488770 342.836945 4137.250566 1974.717472 3649.027488 1950.706501 0.000000
IMG_4869 0 1505.790248 721.857640 1966.489244 714.583445 1760.387062 2358.551443 1226.946118 2341.578323 0.000000
IMG_4869 1 2347.172099 952.207138 2836.967875 966.755527 2618.742034 2700.438594 2061.053775 2659.218157 0.000000
IMG_4869 2 3222.500193 549.701699 3663.801337 610.319988 3409.204523 2256.712718 2868.489385 2174.271845 0.000000
IMG_4869 3 4112.376676 215.088743 4575.500404 307.228543 4214.215402 1871.180400 3680.774458 1742.669627 0.000000
IMG_4869 4 4803.425171 127.798407 5290.796215 183.567233 5191.382221 1774.191137 4619.145572 1706.298653 0.000000
IMG_4870 0 1359.848454 1401.281634 1964.330112 1392.168845 2015.969249 3515.448640 1378.074031 3557.974988 0.000000
IMG_4870 1 2477.683882 1741.492416 3027.488807 1768.830783 3015.338422 3837.433845 2410.856764 3846.546633 0.000000
IMG_4870 2 3373.774783 1240.289031 3887.128553 1313.191342 3786.887876 3232.952186 3215.819776 3187.388242 0.000000
IMG_4870 3 4288.091261 836.288727 4755.881087 969.942963 4485.535018 2746.936783 3981.294037 2634.545721 0.000000
IMG_4870 4 4932.061671 772.499205 5393.776304 863.627093 5333.024379 2585.944180 4816.633012 2519.117062 0.000000
IMG_4871 0 989.308849 1784.697080 1621.703688 1798.876336 1627.375391 3846.360974 1023.339064 3877.555339 0.000000
IMG_4871 1 2166.187138 2167.537005 2733.357398 2201.567221 2560.552734 4181.897461 1998.871911 4163.976320 0.000000
IMG_4871 2 3144.555836 1634.396961 3703.218542 1727.980054 3340.229576 3681.881599 2801.417829 3610.985316 0.000000
IMG_4871 3 4227.851033 1200.511712 4741.140118 1347.975979 4148.447196 3228.145391 3632.322260 3089.188677 0.000000
IMG_4871 4 5002.038437 1121.107875 5518.163374 1240.213630 5033.232802 3103.367934 4525.615419 2995.605584 0.000000
IMG_4872 0 1834.594797 2227.448119 2115.012048 2202.850115 2154.368855 3203.168961 1869.032003 3217.927764 0.000000
IMG_4872 1 2369.191427 2363.557077 2636.489741 2356.997609 2626.650540 3362.236057 2336.394087 3362.236057 0.000000
IMG_4872 2 2820.154841 2063.461423 3090.732890 2101.178363 3012.019276 3081.818806 2726.682424 3060.500536 0.000000
IMG_4872 3 3333.433200 1812.561778 3610.570717 1860.117920 3413.786681 2832.559028 3141.568766 2773.523817 0.000000
IMG_4872 4 3746.679674 1725.648829 4027.096925 1758.446168 3915.585971 2750.565680 3620.409918 2706.289272 0.000000
IMG_4873 0 2148.048440 1899.863492 2376.294299 1938.932603 2249.833755 2696.667730 2026.728568 2667.879964 0.000000
IMG_4873 1 2540.795819 2106.518526 2759.788468 2147.643906 2578.836796 2877.619402 2369.097357 2838.550291 0.000000
IMG_4873 2 2948.965216 1963.607831 3153.563982 2028.380304 2912.980509 2733.680572 2711.466146 2679.189444 0.000000
IMG_4873 3 3389.006783 1855.653708 3580.239800 1945.101410 3241.983549 2618.529508 3053.834935 2533.194344 0.000000
IMG_4873 4 3711.841016 1866.963188 3904.102168 1943.045141 3606.971297 2627.782719 3417.794549 2559.925842 0.000000
IMG_4874 0 1182.117760 1862.220328 1465.262665 1894.329544 1241.957662 2897.012789 928.163051 2861.984553 0.000000
IMG_4874 1 1679.810608 2068.011212 1973.172081 2108.877487 1716.298353 3143.669948 1396.665703 3089.668085 0.000000
IMG_4874 2 2219.829241 1869.517877 2497.136106 1927.898269 2208.153162 2895.553279 1904.575120 2826.956318 0.000000
IMG_4874 3 2790.497580 1713.350326 3048.830818 1799.461405 2685.412873 2708.736022 2408.106007 2597.813276 0.000000
IMG_4874 4 3199.160329 1689.998169 3470.629155 1761.514150 3231.269545 2686.843375 2930.610522 2612.408374 0.000000
