image concentration x1 y1 x2 y2 x3 y3 x4 y4 rotation
IMG20250807165153 0 119.303406 1502.302246 454.514287 1502.782188 454.514287 1871.160482 119.506798 1865.524414 0.000000
IMG20250807165153 1 544.809143 1504.459229 874.561224 1501.825361 881.259011 1865.419521 555.495117 1866.512451 0.000000
IMG20250807165153 2 965.079773 1501.703979 1296.521815 1497.998054 1298.064087 1872.488647 970.454651 1867.824585 0.000000
IMG20250807165153 3 1388.957275 1501.531860 1713.698273 1501.825361 1711.784619 1863.505868 1390.088623 1864.053101 0.000000
IMG20250807165153 4 1803.917847 1499.617798 2130.874730 1501.825361 2131.831557 1865.419521 1806.222290 1866.160156 0.000000
IMG20250807165153 5 2217.772461 1500.463745 2534.655613 1504.695841 2534.655613 1865.419521 2220.766357 1861.575317 0.000000
IMG20250807165153 6 2623.046143 1502.834473 2939.393323 1503.739015 2938.436496 1859.678561 2631.395508 1859.446899 0.000000
IMG20250807165156 0 608.984597 1660.780674 818.073625 1644.186306 805.813232 1936.709229 596.123962 1944.422852 0.000000
IMG20250807165156 1 875.654663 1639.924438 1102.144409 1623.660034 1091.050967 1921.312240 866.197290 1931.268861 0.000000
IMG20250807165156 2 1164.243530 1611.591797 1407.790405 1595.615356 1401.365635 1906.377310 1156.598718 1916.333930 0.000000
IMG20250807165156 3 1473.578234 1582.818693 1740.085314 1564.383024 1733.252981 1893.931534 1467.743105 1903.888155 0.000000
IMG20250807165156 4 1812.076226 1553.747005 2098.946289 1532.119141 2096.669625 1873.188575 1810.416789 1885.634351 0.000000
IMG20250807165156 5 2180.968994 1525.560913 2494.104722 1500.645029 2484.148102 1855.764490 2173.003715 1871.529138 0.000000
IMG20250807165156 6 2577.076559 1494.007282 2921.409680 1461.648266 2913.942215 1839.999841 2572.098249 1852.445616 0.000000
IMG20250807165200 0 1552.834702 2800.361649 1906.657490 2802.011172 1884.269775 3148.823486 1529.549194 3142.253174 90.000000
IMG20250807165200 1 1586.649933 2402.001725 1922.327964 2404.476011 1912.430823 2718.710236 1560.257557 2719.534997 90.000000
IMG20250807165200 2 1616.341356 2037.457034 1937.998437 2035.807510 1926.451772 2328.597930 1593.248027 2327.773168 90.000000
IMG20250807165200 3 1645.133911 1699.157441 1957.602417 1702.044770 1944.596531 1967.352285 1622.114688 1965.702762 90.000000
IMG20250807165200 4 1667.752563 1385.182752 1970.988906 1386.720017 1959.442242 1636.622826 1649.019165 1635.284315 90.000000
IMG20250807165200 5 1693.240601 1100.091919 1985.009856 1102.177214 1975.112715 1330.636218 1674.074678 1328.161933 90.000000
IMG20250807165200 6 1716.493256 831.374165 1994.082235 834.954409 1986.659380 1045.268654 1699.642292 1045.268654 90.000000
IMG20250807165204 0 1545.346205 2964.169922 1908.475063 2967.533068 1907.519931 3294.188341 1551.255554 3297.053738 90.000000
IMG20250807165204 1 1538.904785 2550.989990 1897.013475 2549.185086 1903.699402 2879.660889 1544.569627 2882.526286 90.000000
IMG20250807165204 2 1531.472439 2139.479980 1888.417283 2137.523032 1894.148078 2467.998834 1535.973436 2469.909099 90.000000
IMG20250807165204 3 1525.466980 1731.591771 1882.686489 1729.681506 1889.372416 2052.516250 1530.242642 2060.157309 90.000000
IMG20250807165204 4 1521.646450 1327.570775 1877.910827 1320.884849 1884.596754 1647.540122 1526.422112 1653.270916 90.000000
IMG20250807165204 5 1516.870788 929.280574 1875.045430 925.460044 1878.865960 1243.519126 1521.646450 1251.160185 90.000000
IMG20250807165204 6 1516.781982 531.445007 1865.229004 525.357239 1872.180033 845.228924 1519.736186 853.825116 90.000000
IMG20250807165206 0 2588.696849 721.714257 2848.212072 736.266513 2878.125041 921.403541 2603.249105 910.085120 -90.000000
IMG20250807165206 1 2608.908315 964.251848 2886.350586 970.507996 2915.314139 1171.217259 2629.928240 1167.174966 -90.000000
IMG20250807165206 2 2633.970533 1222.958612 2922.590266 1225.383988 2954.076172 1450.078979 2655.798916 1444.476279 -90.000000
IMG20250807165206 3 2660.649668 1499.451466 2968.672409 1506.727594 3003.436130 1750.882102 2687.328803 1750.882102 -90.000000
IMG20250807165206 4 2693.796472 1812.324959 3012.329175 1813.133417 3050.326731 2081.541685 2721.284066 2087.200895 -90.000000
IMG20250807165206 5 2728.560194 2151.877586 3061.645152 2152.686045 3105.301918 2452.624199 2756.856246 2453.432658 -90.000000
IMG20250807165206 6 2760.898539 2531.853145 3119.045715 2526.193935 3164.319399 2859.278893 2798.087636 2864.938104 -90.000000
IMG20250807165210 0 2678.597889 342.563409 3034.821544 347.510960 3009.259198 686.418186 2658.593994 679.187988 -90.000000
IMG20250807165210 1 2654.684727 761.456040 3005.136239 768.052774 2979.885254 1080.174561 2645.614218 1078.923879 -90.000000
IMG20250807165210 2 2639.842075 1152.312549 2974.626343 1156.435508 2954.836140 1443.393451 2630.771566 1444.218043 -90.000000
IMG20250807165210 3 2624.999423 1511.834570 2949.063997 1515.132937 2929.273794 1779.826902 2615.928913 1779.002311 -90.000000
IMG20250807165210 4 2614.279730 1843.320470 2925.150835 1842.495879 2906.196289 2094.370850 2604.746826 2096.212402 -90.000000
IMG20250807165210 5 2599.437077 2150.068617 2901.237673 2152.542392 2883.921246 2385.077278 2591.191160 2384.252686 -90.000000
IMG20250807165210 6 2592.015751 2437.851152 2878.149103 2438.675744 2863.306451 2652.245018 2584.594425 2654.718794 -90.000000
IMG20250807165214 0 2767.285677 181.861462 3133.898391 181.861462 3138.187500 529.404175 2766.313229 522.218092 -90.000000
IMG20250807165214 1 2770.203020 608.765921 3139.733076 607.793474 3139.733076 941.342972 2774.993896 943.257690 -90.000000
IMG20250807165214 2 2774.092810 1028.863248 3143.622866 1026.918353 3146.540208 1363.385194 2777.010152 1367.274984 -90.000000
IMG20250807165214 3 2779.927495 1447.015680 3150.429998 1444.098338 3151.402446 1774.730493 2780.899942 1780.565178 -90.000000
IMG20250807165214 4 2783.817285 1859.333427 3150.429998 1856.416085 3148.485103 2186.075793 2786.734627 2189.965583 -90.000000
IMG20250807165214 5 2790.624417 2274.568517 3151.402446 2268.733832 3150.576660 2594.062012 2788.679522 2597.421092 -90.000000
IMG20250807165214 6 2790.624417 2676.189341 3153.347341 2672.299551 3157.560059 2996.828125 2797.969971 2998.208984 -90.000000
IMG20250807165216 0 2597.154056 801.493838 2850.642917 807.024504 2883.826913 973.866264 2622.963831 971.100931 -90.000000
IMG20250807165216 1 2629.416274 1019.033370 2895.810023 1016.268037 2933.602908 1200.623573 2655.226049 1201.545350 -90.000000
IMG20250807165216 2 2660.756715 1251.321345 2946.507796 1248.556012 2985.222458 1453.190656 2689.331823 1454.112434 -90.000000
IMG20250807165216 3 2700.393156 1508.497317 2999.970901 1507.575539 3043.294452 1734.332848 2731.733597 1740.785292 -90.000000
IMG20250807165216 4 2740.029596 1797.013730 3055.277562 1791.483064 3105.975334 2047.737259 2775.978925 2053.267925 -90.000000
IMG20250807165216 5 2787.040257 2120.557695 3118.880221 2110.418141 3172.343327 2397.090999 2830.363808 2407.230553 -90.000000
IMG20250807165216 6 2837.738030 2485.581656 3190.778880 2474.520324 3254.381540 2796.220733 2889.357580 2812.812732 -90.000000
IMG20250807165219 0 2685.134825 377.856275 3044.882749 375.436446 3023.104287 713.405908 2675.455508 713.405908 -90.000000
IMG20250807165219 1 2669.002631 796.486707 3016.651409 792.453658 2997.292777 1104.611610 2661.743144 1111.064488 -90.000000
IMG20250807165219 2 2656.096876 1182.852751 2992.453118 1178.819702 2973.094486 1464.359534 2647.564941 1470.254639 -90.000000
IMG20250807165219 3 2646.417559 1536.147797 2968.254828 1530.501529 2949.702805 1793.456289 2636.738243 1800.715777 -90.000000
IMG20250807165219 4 2635.931633 1859.598284 2946.476366 1854.758626 2927.924343 2098.354754 2628.289062 2103.904541 -90.000000
IMG20250807165219 5 2626.252317 2161.270310 2922.278075 2155.624042 2909.372320 2375.828489 2618.992830 2382.281367 -90.000000
IMG20250807165219 6 2618.992830 2436.324216 2903.726052 2430.677948 2891.397461 2638.593262 2614.959781 2644.429517 -90.000000
IMG20250807165226 0 2625.996131 242.542346 2992.276982 250.461932 2983.940186 588.670776 2619.066493 582.094594 -90.000000
IMG20250807165226 1 2618.076545 667.230144 2986.337292 669.210040 2982.186768 1005.999084 2615.106700 999.852754 -90.000000
IMG20250807165226 2 2614.116752 1083.998355 2981.387551 1090.927993 2976.437810 1428.500345 2608.177062 1421.570707 -90.000000
IMG20250807165226 3 2609.167011 1504.726360 2977.427758 1507.696204 2972.478017 1838.338919 2605.207218 1830.419333 -90.000000
IMG20250807165226 4 2602.237373 1913.574985 2971.488069 1918.524726 2964.558431 2250.157389 2600.257476 2244.217699 -90.000000
IMG20250807165226 5 2602.237373 2325.393456 2964.558431 2328.363300 2955.648897 2651.086428 2596.297683 2652.076377 -90.000000
IMG20250807165226 6 2595.307735 2727.312443 2955.648897 2732.262185 2946.739362 3052.015468 2593.327839 3048.055675 -90.000000
IMG20250807165228 0 2562.522149 883.250709 2821.648438 909.060608 2835.362793 1090.675293 2567.114500 1067.710108 -90.000000
IMG20250807165228 1 2567.879891 1116.695177 2838.063161 1138.126144 2854.901778 1337.127986 2573.237633 1314.931627 -90.000000
IMG20250807165228 2 2572.472242 1368.509046 2862.555695 1387.643838 2877.098137 1605.780472 2580.126159 1587.411071 -90.000000
IMG20250807165228 3 2580.891550 1643.284665 2885.517446 1667.011808 2903.886847 1908.875585 2587.780075 1887.444617 -90.000000
IMG20250807165228 4 2590.076251 1950.206736 2910.775372 1970.872312 2930.675556 2239.524798 2597.730168 2221.155397 -90.000000
IMG20250807165228 5 2599.260951 2289.275259 2937.564082 2309.940834 2960.525833 2612.270555 2609.211043 2595.431938 -90.000000
IMG20250807165228 6 2613.038002 2675.032674 2969.710533 2689.575117 2992.968994 3031.322510 2624.518877 3017.162764 -90.000000
IMG20250807165230 0 2589.495115 328.586268 2955.396153 329.393997 2932.779753 672.678635 2579.171631 669.810852 -90.000000
IMG20250807165230 1 2577.379187 755.874677 2930.356568 752.643762 2912.586539 1066.850172 2569.301901 1072.504272 -90.000000
IMG20250807165230 2 2570.109630 1146.815300 2907.740168 1140.353471 2889.162411 1429.520296 2565.366943 1435.612305 -90.000000
IMG20250807165230 3 2564.455530 1503.023595 2885.123768 1498.984952 2869.014893 1761.761108 2557.185973 1760.689005 -90.000000
IMG20250807165230 4 2556.378244 1821.268647 2865.738283 1821.268647 2850.391440 2061.971758 2550.724144 2065.202673 -90.000000
IMG20250807165230 5 2551.531873 2120.128215 2846.352797 2120.128215 2833.429140 2339.830383 2545.877773 2345.484483 -90.000000
IMG20250807165230 6 2544.262316 2394.755925 2828.582769 2391.525011 2817.095947 2597.899658 2541.031402 2596.688065 -90.000000
IMG20250807165234 0 1632.760010 3017.026367 1995.184058 3015.488655 2001.050537 3353.744873 1639.010383 3349.932901 90.000000
IMG20250807165234 1 1624.799316 2598.973633 1984.791723 2597.905725 1991.405027 2929.515699 1631.452321 2934.239487 90.000000
IMG20250807165234 2 1617.985474 2187.700195 1973.573608 2185.674805 1981.957450 2512.877527 1621.059986 2520.435589 90.000000
IMG20250807165234 3 1604.054346 1777.855991 1966.841325 1767.463655 1973.652710 2103.682617 1610.667650 2106.631691 90.000000
IMG20250807165234 4 1597.441042 1369.720639 1958.338506 1366.886366 1965.896568 1690.938277 1603.109588 1697.551581 90.000000
IMG20250807165234 5 1591.772495 968.198592 1948.890928 958.751014 1959.283263 1278.079136 1596.496284 1292.250503 90.000000
IMG20250807165234 6 1587.795532 573.112061 1939.443350 558.173724 1947.946170 880.336120 1591.772495 888.838940 90.000000
IMG20250807165237 0 2622.830691 724.823024 2891.962202 747.117942 2908.201172 945.338745 2626.811926 923.088546 -90.000000
IMG20250807165237 1 2629.996914 981.214582 2912.664626 993.158289 2927.793321 1208.144999 2636.683594 1193.966187 -90.000000
IMG20250807165237 2 2637.959385 1247.957353 2932.570803 1263.086047 2949.291992 1497.182688 2644.329362 1479.665252 -90.000000
IMG20250807165237 3 2647.514350 1541.772524 2954.069474 1556.104971 2973.179404 1810.107789 2653.884327 1793.386600 -90.000000
IMG20250807165237 4 2657.865562 1864.252590 2979.549381 1876.992543 2999.455558 2154.086526 2667.420527 2142.939067 -90.000000
IMG20250807165237 5 2669.809268 2212.212562 3004.233040 2226.545010 3027.324205 2535.488875 2678.567986 2523.545169 -90.000000
IMG20250807165237 6 2679.364233 2605.558618 3033.694182 2611.928594 3058.377841 2951.926096 2694.492927 2942.371131 -90.000000
IMG20250807165240 0 1754.338601 2670.416015 2097.487081 2691.330256 2066.503020 3022.085111 1714.059322 3001.945471 90.000000
IMG20250807165240 1 1800.040092 2296.283474 2124.598135 2307.902497 2103.683893 2611.546298 1762.084617 2594.505065 90.000000
IMG20250807165240 2 1836.446364 1950.036588 2154.032993 1962.430213 2133.893353 2242.061367 1803.913100 2226.569336 90.000000
IMG20250807165240 3 1872.852636 1638.646772 2176.496437 1651.814998 2157.906001 1901.236692 1842.643176 1887.293864 90.000000
IMG20250807165240 4 1908.612793 1356.313965 2198.185280 1364.437829 2179.721680 1595.097046 1881.373253 1581.326258 90.000000
IMG20250807165240 5 1940.242970 1093.327292 2219.874123 1101.073307 2202.832889 1310.990323 1914.681119 1300.145902 90.000000
IMG20250807165240 6 1971.762207 845.842102 2236.915357 857.073824 2222.972529 1049.175005 1949.891724 1039.645264 90.000000
IMG20250807165246 0 1645.473976 2898.019789 2017.891361 2895.056255 2013.939983 3238.826149 1644.486132 3230.923392 90.000000
IMG20250807165246 1 1645.473976 2475.222333 2012.952138 2476.210178 2011.964294 2812.077315 1645.473976 2813.065160 90.000000
IMG20250807165246 2 1644.486132 2053.412722 2010.607910 2054.895752 2009.988605 2389.279860 1643.498287 2391.255549 90.000000
IMG20250807165246 3 1643.498287 1634.566645 2009.988605 1635.554490 2009.988605 1970.433783 1642.510443 1969.445938 90.000000
IMG20250807165246 4 1647.837402 1225.446899 2011.964294 1226.586858 2010.976449 1554.551239 1646.461821 1556.526928 90.000000
IMG20250807165246 5 1648.958740 816.363220 2009.988605 815.643536 2010.976449 1143.607918 1647.449665 1146.571451 90.000000
IMG20250807165246 6 1650.413199 416.554350 2011.964294 417.542194 2013.939983 737.603819 1649.425354 740.567353 90.000000
IMG20250807165249 0 1787.457611 2570.972713 2071.782632 2580.748931 2080.744166 2789.308259 1802.936624 2776.273301 90.000000
IMG20250807165249 1 1759.758326 2295.609225 2059.562359 2305.385444 2073.564453 2530.030518 1780.940132 2519.647566 90.000000
IMG20250807165249 2 1734.503095 1999.063931 2044.083347 2006.396095 2058.747674 2246.728133 1754.055532 2241.025339 90.000000
IMG20250807165249 3 1701.915700 1674.004666 2028.604334 1682.966200 2042.453977 1944.480044 1725.541561 1937.147881 90.000000
IMG20250807165249 4 1673.960815 1318.357422 2014.754691 1326.948910 2029.419019 1612.088616 1697.842275 1609.644561 90.000000
IMG20250807165249 5 1637.407227 929.020691 1996.016939 937.529540 2010.419556 1252.456421 1665.254880 1245.480423 90.000000
IMG20250807165249 6 1601.060547 502.080475 1974.835132 500.043763 1996.480469 856.058960 1630.223431 852.802313 90.000000
IMG20250807165253 0 2593.917701 488.611819 2952.944629 508.513533 2913.937269 843.658403 2561.278890 822.164552 -90.000000
IMG20250807165253 1 2554.114272 902.567478 2902.792309 918.488849 2868.561360 1227.363457 2531.028284 1211.442085 -90.000000
IMG20250807165253 2 2523.863666 1285.476463 2859.804605 1298.213560 2827.165794 1579.225767 2503.961952 1563.304396 -90.000000
IMG20250807165253 3 2500.777678 1629.378088 2819.205108 1646.095528 2791.342708 1900.837472 2480.079895 1885.712169 -90.000000
IMG20250807165253 4 2473.711346 1947.009449 2782.585954 1960.542615 2756.315691 2200.955325 2456.993906 2185.033954 -90.000000
IMG20250807165253 5 2453.013563 2242.350891 2747.558936 2253.495851 2721.621094 2472.452148 2437.092192 2459.677612 -90.000000
IMG20250807165253 6 2429.927575 2513.014207 2716.512262 2523.363098 2693.006836 2727.554688 2416.394409 2716.807762 -90.000000
IMG20250807165258 0 2624.364941 268.490734 2988.951226 274.435075 2985.979055 608.308928 2625.355665 608.308928 -90.000000
IMG20250807165258 1 2622.383494 691.529711 2990.932673 691.529711 2989.941949 1026.394287 2625.355665 1029.366458 -90.000000
IMG20250807165258 2 2627.337112 1110.605793 2991.923397 1105.652175 2990.932673 1440.516752 2631.300006 1442.498199 -90.000000
IMG20250807165258 3 2627.337112 1522.746810 2992.914120 1524.728258 2992.914120 1853.648493 2628.327836 1854.639216 -90.000000
IMG20250807165258 4 2629.318559 1930.924933 2993.904844 1930.924933 2990.932673 2259.845168 2631.300006 2262.817339 -90.000000
IMG20250807165258 5 2631.300006 2343.065951 2993.904844 2338.112333 2988.951226 2662.078950 2634.272177 2665.051121 -90.000000
IMG20250807165258 6 2632.290730 2744.309008 2988.951226 2740.346114 2987.960502 3057.377666 2635.262901 3061.340560 -90.000000
IMG20250807165300 0 2495.989375 742.875754 2764.819793 753.035043 2789.045790 942.154116 2512.400534 935.120762 -90.000000
IMG20250807165300 1 2517.870921 984.354240 2796.860627 988.261659 2824.994043 1193.791891 2535.063564 1192.228923 -90.000000
IMG20250807165300 2 2541.315434 1243.806852 2832.027397 1245.369820 2864.068232 1472.000114 2562.415496 1470.437146 -90.000000
IMG20250807165300 3 2566.322914 1527.485462 2872.121826 1527.164551 2907.831323 1776.778785 2588.204460 1778.341753 -90.000000
IMG20250807165300 4 2592.893363 1838.516003 2917.209128 1837.734519 2954.720349 2110.472356 2616.337876 2116.724226 -90.000000
IMG20250807165300 5 2624.934197 2184.713315 2963.316671 2180.024412 3005.516795 2484.021599 2650.723162 2491.054953 -90.000000
IMG20250807165300 6 2657.756516 2565.295912 3013.331632 2560.607009 3063.346594 2895.863548 2690.578834 2909.930255 -90.000000
IMG20250807165303 0 1746.913705 2631.735897 2088.849967 2640.694925 2061.850586 2965.833008 1709.584419 2954.260929 90.000000
IMG20250807165303 1 1780.510063 2266.655478 2107.514610 2270.388406 2091.836310 2565.289767 1751.393220 2558.570496 90.000000
IMG20250807165303 2 1817.839349 1932.185073 2129.912182 1938.904345 2115.727053 2203.195691 1790.215677 2197.223005 90.000000
IMG20250807165303 3 1852.182292 1628.324684 2148.576825 1636.537127 2132.151939 1877.684315 1827.544964 1870.965044 90.000000
IMG20250807165303 4 1879.805964 1352.087966 2165.748296 1355.820895 2150.816582 1578.303440 1856.661807 1575.317097 90.000000
IMG20250807165303 5 1909.669393 1098.248820 2179.933425 1102.728334 2168.734639 1305.053065 1885.778650 1302.066722 90.000000
IMG20250807165303 6 1934.306722 864.567488 2193.130371 867.927124 2182.173182 1057.186605 1914.148908 1051.213919 90.000000
IMG20250807165307 0 1700.635551 2803.634961 2069.514293 2806.625870 2063.532475 3152.574311 1695.650703 3142.604616 90.000000
IMG20250807165307 1 1698.641612 2388.895619 2067.520354 2388.895619 2066.523384 2723.877395 1697.644642 2724.874365 90.000000
IMG20250807165307 2 1698.641612 1971.165369 2066.523384 1974.156277 2068.517323 2311.131993 1700.635551 2308.141084 90.000000
IMG20250807165307 3 1698.641612 1560.413905 2065.526414 1561.410875 2068.517323 1892.404772 1699.638581 1891.407803 90.000000
IMG20250807165307 4 1702.629490 1150.659411 2065.526414 1150.659411 2067.520354 1483.647248 1701.632521 1480.656339 90.000000
IMG20250807165307 5 1704.623429 748.880674 2065.526414 749.877643 2067.520354 1073.892754 1703.626460 1073.892754 90.000000
IMG20250807165307 6 1708.611308 351.089814 2064.529445 348.098906 2066.523384 667.129169 1707.614338 672.114017 90.000000
IMG20250807165309 0 2555.246612 818.876132 2831.124394 839.101776 2843.259780 1034.886008 2559.291741 1019.514519 -90.000000
IMG20250807165309 1 2559.291741 1070.483141 2846.495883 1084.236579 2864.294450 1299.437429 2565.763947 1282.447888 -90.000000
IMG20250807165309 2 2567.381998 1340.697742 2868.339578 1351.215077 2886.947171 1586.641571 2573.045179 1572.079108 -90.000000
IMG20250807165309 3 2573.854204 1630.328962 2894.228403 1644.891425 2914.739502 1906.943237 2583.562513 1893.262331 -90.000000
IMG20250807165309 4 2583.562513 1955.557314 2919.308201 1971.737829 2940.342870 2259.750997 2591.652771 2245.188534 -90.000000
IMG20250807165309 5 2592.461797 2318.000852 2946.815076 2330.945264 2971.894875 2650.510436 2603.788157 2640.802127 -90.000000
IMG20250807165309 6 2600.552054 2721.704702 2974.321952 2735.458140 3003.446879 3089.002394 2614.305492 3084.148239 -90.000000
IMG20250807165311 0 1716.623901 2620.666992 2061.404542 2624.846355 2035.935913 2948.803955 1679.186526 2938.042477 90.000000
IMG20250807165311 1 1751.919275 2250.050048 2078.474473 2253.760902 2063.021973 2548.061035 1721.490268 2540.238872 90.000000
IMG20250807165311 2 1788.663330 1920.931519 2098.513088 1924.237020 2085.154011 2185.481179 1760.825326 2181.770324 90.000000
IMG20250807165311 3 1817.230314 1617.720436 2116.325189 1622.915633 2105.934797 1861.152493 1791.996504 1856.699468 90.000000
IMG20250807165311 4 1845.432809 1341.632859 2130.426436 1348.312398 2120.036044 1568.737157 1823.167682 1562.799789 90.000000
IMG20250807165311 5 1872.175537 1091.324463 2143.785513 1097.458632 2133.395120 1294.876092 1850.725830 1294.064453 90.000000
IMG20250807165311 6 1895.900430 861.448284 2156.402418 862.932626 2146.012025 1049.217523 1878.088329 1046.991010 90.000000
IMG20250901143406 0 1200.294426 1611.621836 1470.109863 1612.269043 1455.453125 1945.273804 1186.846198 1938.862037 0.000000
IMG20250901143406 1 1540.086305 1607.139094 1846.705890 1618.794224 1831.464566 1948.724070 1526.638078 1943.344779 0.000000
IMG20250901143406 2 1920.222867 1621.483870 2219.670064 1628.656258 2211.601128 1950.517167 1906.774640 1949.620619 0.000000
IMG20250901143406 3 2291.393944 1626.863161 2590.841141 1633.139000 2588.151495 1954.999910 2287.807750 1951.413716 0.000000
IMG20250901143406 4 2660.771924 1632.242452 2960.219121 1638.518291 2969.184606 1963.965395 2666.151214 1956.793007 0.000000
IMG20250901143406 5 3033.736097 1637.621743 3331.390198 1645.690679 3340.355682 1971.137783 3040.908485 1965.758492 0.000000
IMG20250901143406 6 3402.217529 1647.483776 3684.630304 1659.138907 3706.147468 1977.413622 3413.872659 1972.034331 0.000000
IMG20250901143409 0 1280.096924 1644.712646 1545.107087 1644.570989 1531.851199 1972.433282 1268.500895 1964.479749 0.000000
IMG20250901143409 1 1615.805156 1641.919812 1914.504495 1653.408248 1901.248607 1979.503089 1603.432994 1974.200733 0.000000
IMG20250901143409 2 1987.853741 1655.175700 2280.366999 1660.478055 2273.297192 1983.921718 1974.597853 1980.386814 0.000000
IMG20250901143409 3 2352.832519 1662.245507 2643.549561 1668.324829 2644.462051 1986.572895 2352.209473 1982.200073 0.000000
IMG20250901143409 4 2716.927571 1667.547862 3009.440829 1676.385120 3014.792480 1997.029907 2717.811297 1989.224073 0.000000
IMG20250901143409 5 3081.022624 1675.501394 3377.954511 1681.687475 3385.430664 2006.923340 3092.511060 1999.828783 0.000000
IMG20250901143409 6 3451.534668 1686.193481 3728.793675 1698.478267 3750.003096 2021.038204 3462.792193 2006.014864 0.000000
IMG20250901143412 0 1320.719380 1651.777421 1585.729543 1651.635764 1570.961572 1974.982249 1311.331093 1969.683668 0.000000
IMG20250901143412 1 1652.895224 1650.750781 1951.594563 1662.239217 1934.797482 1982.930121 1638.960031 1978.514636 0.000000
IMG20250901143412 2 2017.879034 1664.006668 2310.392292 1669.309024 2300.399586 1989.994896 2008.094522 1982.930121 0.000000
IMG20250901143412 3 2379.325425 1670.193378 2670.042467 1676.272701 2666.884786 1991.761089 2374.579723 1987.345605 0.000000
IMG20250901143412 4 2739.004993 1676.378830 3031.518251 1685.216089 3036.019278 2003.241349 2743.714214 1994.410380 0.000000
IMG20250901143412 5 3102.216948 1685.215460 3399.148836 1691.401541 3403.387575 2012.955414 3109.316318 2007.656833 0.000000
IMG20250901143412 6 3464.781121 1695.907547 3745.146063 1710.053188 3767.223485 2025.318770 3476.038646 2015.728930 0.000000
IMG20250901143418 0 1297.121837 1655.273353 1562.132001 1655.131697 1547.364030 1978.478181 1287.733550 1973.179600 0.000000
IMG20250901143418 1 1625.801749 1652.498747 1924.501088 1663.987183 1907.704007 1984.678087 1611.866556 1980.262603 0.000000
IMG20250901143418 2 1988.163610 1668.376584 2280.676868 1673.678939 2270.684162 1994.364811 1978.379098 1987.300036 0.000000
IMG20250901143418 3 2351.357967 1675.437277 2642.075009 1681.516599 2638.917329 1997.004988 2346.612265 1992.589503 0.000000
IMG20250901143418 4 2711.037535 1680.748746 3003.550793 1689.586004 3003.799284 2008.898463 2715.746756 1998.780295 0.000000
IMG20250901143418 5 3072.843946 1691.642613 3367.376236 1699.508461 3374.368100 2020.260243 3078.961827 2013.268379 0.000000
IMG20250901143418 6 3435.546914 1700.382444 3714.347510 1716.988122 3736.634078 2029.688686 3448.656660 2019.386260 0.000000
IMG20250901143423 0 1236.968775 1748.229867 1489.892627 1743.745401 1478.233017 2065.730022 1227.102951 2063.039342 0.000000
IMG20250901143423 1 1558.953395 1742.848508 1848.649864 1749.126760 1834.299574 2066.626915 1548.190678 2062.142449 0.000000
IMG20250901143423 2 1915.916846 1752.714332 2204.716422 1756.301905 2198.438170 2069.317594 1907.844808 2066.626915 0.000000
IMG20250901143423 3 2273.777190 1754.508118 2558.989193 1755.405012 2560.782979 2068.420701 2270.189617 2066.626915 0.000000
IMG20250901143423 4 2627.153068 1755.405012 2920.139736 1759.543665 2921.334002 2072.905166 2632.335699 2068.737957 0.000000
IMG20250901143423 5 2986.807198 1757.198798 3275.606774 1763.477049 3285.472598 2080.080311 2993.982343 2077.389632 0.000000
IMG20250901143423 6 3344.063819 1765.855640 3622.704401 1775.136660 3647.817407 2085.461670 3354.533366 2076.492739 0.000000
IMG20250901143426 0 1300.189205 1711.007190 1554.139740 1709.285491 1542.087850 2026.078023 1287.276466 2022.634626 0.000000
IMG20250901143426 1 1622.146832 1711.007190 1909.670488 1717.893984 1895.896900 2032.103967 1609.234093 2026.938872 0.000000
IMG20250901143426 2 1980.260129 1719.615682 2266.062086 1724.780778 2259.175292 2033.825666 1969.069088 2030.382269 0.000000
IMG20250901143426 3 2335.790877 1722.198230 2623.314534 1729.085024 2621.592835 2041.573309 2329.764932 2037.269063 0.000000
IMG20250901143426 4 2691.423340 1728.523560 2979.706132 1734.250120 2985.732076 2048.460104 2693.904174 2042.434159 0.000000
IMG20250901143426 5 3051.156621 1733.389271 3340.401976 1740.276065 3349.871318 2057.068596 3058.043415 2052.764350 0.000000
IMG20250901143426 6 3410.130767 1740.276065 3684.741684 1753.188804 3709.706313 2063.094541 3423.904355 2057.068596 0.000000
IMG20250901143429 0 1355.361984 1737.731505 1609.312519 1736.009806 1597.260629 2052.802338 1342.449245 2049.358941 0.000000
IMG20250901143429 1 1668.698865 1734.283206 1956.222521 1741.170000 1942.448933 2055.379984 1655.786126 2050.214888 0.000000
IMG20250901143429 2 2018.191414 1744.615848 2303.993372 1749.780944 2297.106578 2058.825832 2007.000374 2055.382435 0.000000
IMG20250901143429 3 2369.611225 1749.551180 2652.371720 1753.861553 2654.957944 2059.898064 2365.300852 2057.311840 0.000000
IMG20250901143429 4 2719.009730 1750.937502 3007.292521 1756.664062 3010.994786 2065.070512 2723.923918 2059.035989 0.000000
IMG20250901143429 5 3074.432637 1754.941138 3363.677992 1761.827932 3373.928226 2074.553333 3081.684909 2070.242960 0.000000
IMG20250901143429 6 3431.687229 1762.482300 3706.689052 1777.137569 3730.827143 2079.725782 3444.618349 2076.277483 0.000000
IMG20250901143434 0 1315.557787 2038.085063 1558.094412 2020.552295 1577.818776 2179.808271 1330.898959 2198.071571 -90.000000
IMG20250901143434 1 1336.012683 2242.634023 1586.585160 2225.831787 1609.231652 2436.955535 1353.545451 2448.644047 -90.000000
IMG20250901143434 2 1357.928643 2502.703415 1615.075908 2491.745435 1639.183464 2712.366100 1377.653007 2726.246208 -90.000000
IMG20250901143434 3 1382.766731 2780.305576 1645.758252 2766.425468 1672.787936 3004.578900 1404.682691 3024.303264 -90.000000
IMG20250901143434 4 1410.526947 3082.015292 1683.745916 3064.482524 1708.584004 3318.707660 1429.520779 3341.354152 -90.000000
IMG20250901143434 5 1433.173439 3409.293628 1718.811452 3384.455540 1750.224328 3658.405041 1457.280995 3687.626321 -90.000000
IMG20250901143434 6 1463.125251 3761.410053 1757.529648 3726.344517 1783.828800 4021.479445 1483.580147 4058.006045 -90.000000
IMG20250901143436 0 1294.530685 2024.308685 1537.067309 2006.775917 1556.791673 2166.031893 1309.871857 2184.295194 -90.000000
IMG20250901143436 1 1312.810363 2230.307791 1563.382839 2213.505555 1586.029331 2424.629303 1330.343131 2436.317815 -90.000000
IMG20250901143436 2 1334.001251 2489.652110 1591.148515 2478.694130 1615.256071 2699.314795 1353.725615 2713.194903 -90.000000
IMG20250901143436 3 1358.114266 2770.154561 1621.105786 2756.274453 1648.135470 2994.427885 1380.030226 3014.152249 -90.000000
IMG20250901143436 4 1385.149410 3071.139204 1658.368378 3053.606436 1683.206466 3307.831573 1404.143242 3330.478065 -90.000000
IMG20250901143436 5 1407.070829 3396.242323 1692.708841 3371.404235 1724.121717 3645.353735 1431.178385 3674.575015 -90.000000
IMG20250901143436 6 1434.122351 3746.183530 1728.526747 3711.117994 1754.825899 4006.252922 1454.577247 4042.779522 -90.000000
IMG20250901143440_BURST001_COVER 0 1305.499968 2039.018679 1538.082586 2018.006542 1557.645610 2170.163395 1316.368315 2186.828193 -90.000000
IMG20250901143440_BURST001_COVER 1 1319.266540 2232.475249 1563.382839 2213.505555 1585.903311 2418.686255 1336.655895 2431.728271 -90.000000
IMG20250901143440_BURST001_COVER 2 1341.727790 2483.896335 1590.975206 2469.405206 1614.885569 2682.424800 1361.290814 2698.365042 -90.000000
IMG20250901143440_BURST001_COVER 3 1363.464483 2751.982219 1625.029359 2738.215647 1649.664278 2966.450926 1385.201177 2979.492942 -90.000000
IMG20250901143440_BURST001_COVER 4 1392.446741 3039.631127 1657.634399 3023.690885 1685.167544 3270.040076 1411.285209 3291.776769 -90.000000
IMG20250901143440_BURST001_COVER 5 1415.632547 3359.160518 1692.708841 3333.727300 1723.569036 3596.090475 1438.093797 3627.246402 -90.000000
IMG20250901143440_BURST001_COVER 6 1446.063918 3696.803821 1729.975860 3664.746382 1757.623188 3948.949463 1467.076055 3984.452729 -90.000000
IMG20250901143451 0 1418.357943 2087.249950 1661.756875 2078.317879 1677.387999 2243.561190 1425.801336 2251.748922 -90.000000
IMG20250901143451 1 1427.290014 2297.897955 1684.087052 2288.965884 1695.252140 2505.568602 1439.199442 2514.500673 -90.000000
IMG20250901143451 2 1440.688121 2565.860081 1698.973837 2560.649706 1717.582318 2788.417513 1452.597548 2793.627888 -90.000000
IMG20250901143451 3 1457.063584 2853.175027 1722.792692 2844.987295 1742.889852 3089.874905 1470.461690 3097.318297 -90.000000
IMG20250901143451 4 1471.206029 3159.098454 1748.100226 3150.166383 1768.941725 3413.662474 1485.348475 3430.037937 -90.000000
IMG20250901143451 5 1485.348475 3498.517147 1774.896439 3482.886023 1795.737938 3762.013238 1501.723938 3780.621719 -90.000000
IMG20250901143451 6 1503.956956 3855.799982 1803.181330 3835.702823 1819.556793 4137.904554 1515.866384 4163.956427 -90.000000
IMG20250901143454 0 1289.101216 2010.080582 1525.296188 1994.569271 1541.512560 2146.862148 1298.972051 2160.258281 -90.000000
IMG20250901143454 1 1302.497349 2203.266918 1549.963867 2189.899658 1566.894706 2394.338075 1318.008660 2405.619029 -90.000000
IMG20250901143454 2 1320.828899 2457.793440 1573.240242 2445.807427 1594.392031 2661.555670 1339.160449 2671.426505 -90.000000
IMG20250901143454 3 1344.800926 2726.421155 1602.852747 2715.140202 1627.529833 2944.284578 1361.017297 2954.860472 -90.000000
IMG20250901143454 4 1365.247655 3017.610778 1633.875370 3001.394407 1659.962576 3250.280452 1381.464026 3267.906943 -90.000000
IMG20250901143454 5 1386.399443 3337.002786 1667.718231 3313.030759 1693.805437 3580.248354 1405.436053 3608.450739 -90.000000
IMG20250901143454 6 1408.256292 3676.841522 1701.160767 3648.366211 1723.417941 3934.893343 1427.292901 3965.915966 -90.000000
IMG20250901143459 0 1318.595792 2039.117497 1558.524820 2027.892747 1573.783715 2185.447226 1325.611261 2196.965542 -90.000000
IMG20250901143459 1 1327.715901 2241.864541 1580.272773 2231.341338 1593.553487 2439.938621 1338.239104 2445.313133 -90.000000
IMG20250901143459 2 1341.746838 2497.929147 1598.512992 2492.316773 1616.841531 2710.663951 1353.673135 2718.916410 -90.000000
IMG20250901143459 3 1359.285510 2775.040160 1620.962491 2766.621597 1643.665411 3001.811421 1373.316447 3008.655266 -90.000000
IMG20250901143459 4 1374.719541 3070.391391 1646.919725 3061.972828 1670.772319 3314.529700 1386.645838 3329.262184 -90.000000
IMG20250901143459 5 1390.855119 3397.312231 1675.683147 3378.370465 1696.729553 3651.272196 1405.587603 3672.318602 -90.000000
IMG20250901143459 6 1409.095338 3742.473289 1705.849662 3720.725336 1722.014848 4010.660404 1423.126275 4042.735348 -90.000000
IMG20250901143505 0 1860.753678 3112.960712 2192.876988 3143.083524 2177.429392 3456.669718 1839.127044 3419.595488 90.000000
IMG20250901143505 1 1895.510769 2756.121250 2214.503622 2770.024086 2196.738887 3063.528406 1863.070818 3036.495113 90.000000
IMG20250901143505 2 1928.723100 2424.770320 2236.902636 2427.859839 2222.227420 2700.509905 1904.006947 2688.924208 90.000000
IMG20250901143505 3 1958.845912 2115.046025 2252.350231 2102.687948 2237.675015 2359.890418 1937.219278 2360.662798 90.000000
IMG20250901143505 4 1987.423964 1826.175984 2274.749245 1811.500768 2255.439751 2041.669945 1965.797330 2057.889920 90.000000
IMG20250901143505 5 2015.229636 1555.070678 2290.969221 1537.305943 2278.611144 1754.344663 1992.830622 1770.564639 90.000000
IMG20250901143505 6 2046.124828 1319.494842 2313.368235 1286.282511 2296.375879 1484.784117 2020.636295 1505.638371 90.000000
IMG20250901143508 0 1909.531765 3182.118561 2224.903693 3214.346350 2211.091784 3513.604384 1891.115886 3478.307283 90.000000
IMG20250901143508 1 1943.294210 2832.984188 2248.690871 2852.167395 2227.973007 3139.148177 1914.903063 3111.524358 90.000000
IMG20250901143508 2 1974.754670 2503.033022 2272.478048 2513.008289 2255.596825 2784.642505 1952.502149 2769.295939 90.000000
IMG20250901143508 3 2005.447801 2199.938346 2288.591942 2189.195750 2274.780033 2446.250728 1981.660624 2443.948743 90.000000
IMG20250901143508 4 2031.536963 1911.422907 2312.379119 1899.145655 2290.126598 2129.344143 2008.517115 2140.086739 90.000000
IMG20250901143508 5 2059.160782 1635.952050 2333.096983 1625.209454 2316.215760 1840.828704 2038.442918 1853.873285 90.000000
IMG20250901143508 6 2091.388570 1396.545622 2350.745534 1365.852490 2335.398968 1565.357847 2064.532080 1586.075711 90.000000
IMG20250901143511 0 1839.282756 3095.263125 2154.493426 3134.854804 2135.458966 3431.031013 1813.395890 3386.871064 90.000000
IMG20250901143511 1 1881.919949 2748.074561 2189.516834 2774.722806 2161.345832 3060.239718 1842.328270 3024.454931 90.000000
IMG20250901143511 2 1925.318519 2426.011486 2220.733350 2438.193540 2195.607862 2707.721505 1894.102003 2687.925665 90.000000
IMG20250901143511 3 1961.103305 2121.460114 2242.051946 2117.653221 2222.256107 2371.192239 1929.886790 2366.623968 90.000000
IMG20250901143511 4 1999.172227 1835.181824 2274.791218 1831.374932 2246.620216 2059.027082 1970.239846 2064.356731 90.000000
IMG20250901143511 5 2030.388742 1563.369725 2302.200842 1555.755940 2282.405003 1773.510171 2005.263254 1777.317063 90.000000
IMG20250901143511 6 2069.219042 1325.058276 2329.610465 1299.171409 2303.723599 1499.413936 2039.525284 1513.880127 90.000000
IMG20250901143515 0 1785.105669 3049.041223 2132.576024 3084.698661 2107.539950 3410.167618 1761.774432 3370.180348 90.000000
IMG20250901143515 1 1828.349796 2684.880152 2159.888104 2708.398888 2134.852031 3011.107778 1794.209695 2976.209009 90.000000
IMG20250901143515 2 1867.800578 2351.824505 2185.682847 2358.652526 2163.681449 2637.842680 1837.960505 2622.680140 90.000000
IMG20250901143515 3 1903.458017 2036.218244 2201.614894 2031.666230 2183.406840 2297.959014 1873.869930 2288.096318 90.000000
IMG20250901143515 4 1937.598117 1742.613380 2229.685643 1735.026691 2208.442914 1967.938043 1910.286037 1977.042070 90.000000
IMG20250901143515 5 1964.910197 1467.975239 2251.687041 1458.871212 2234.996325 1682.678537 1939.874124 1686.471882 90.000000
IMG20250901143515 6 2002.084973 1231.270543 2272.929770 1206.234469 2253.204379 1405.764390 1974.014224 1417.144423 90.000000
IMG20250901143518 0 1796.569250 3122.807124 2126.866293 3165.152898 2100.688905 3473.122170 1767.312169 3430.006472 90.000000
IMG20250901143518 1 1841.994717 2766.332692 2159.972990 2793.280003 2134.565525 3088.160581 1802.728635 3051.974191 90.000000
IMG20250901143518 2 1886.650262 2436.035649 2189.230071 2452.204035 2167.672222 2721.677148 1854.313488 2703.968915 90.000000
IMG20250901143518 3 1924.376497 2128.066377 2212.327766 2124.216761 2189.230071 2385.220719 1892.809647 2372.901948 90.000000
IMG20250901143518 4 1959.023040 1836.265493 2241.309326 1835.974365 2218.487152 2063.392830 1929.765960 2066.472523 90.000000
IMG20250901143518 5 1992.129737 1562.172841 2272.381774 1556.783379 2247.744232 1778.521254 1966.722272 1779.291178 90.000000
IMG20250901143518 6 2028.316126 1326.576349 2295.479469 1303.478653 2277.001313 1503.658680 1997.519199 1511.357911 90.000000
IMG20250901143524 0 1804.007913 3139.182376 2130.612613 3174.699672 2103.588584 3482.773609 1776.983884 3439.535162 90.000000
IMG20250901143524 1 1848.018476 2788.642107 2161.497219 2814.121906 2133.701074 3103.665080 1810.956949 3068.147784 90.000000
IMG20250901143524 2 1890.484808 2465.125867 2187.749133 2477.479709 2166.902025 2746.947890 1857.283857 2726.100781 90.000000
IMG20250901143524 3 1927.464958 2160.495213 2210.912587 2157.824045 2193.926054 2411.077808 1896.661729 2404.128772 90.000000
IMG20250901143524 4 1961.339386 1872.554904 2243.625671 1872.263776 2220.177969 2096.054835 1932.951140 2102.231756 90.000000
IMG20250901143524 5 1996.762428 1604.639173 2268.821222 1602.673266 2248.746228 1812.688582 1967.696321 1818.093388 90.000000
IMG20250901143524 6 2034.493048 1369.042681 2292.756791 1347.875273 2271.909682 1543.992516 2003.696120 1553.824244 90.000000
IMG20250901143527 0 1849.871140 3058.453068 2168.966265 3093.401582 2145.414006 3387.424947 1825.559130 3348.677681 90.000000
IMG20250901143527 1 1891.657406 2715.805684 2196.317275 2737.078692 2174.284517 3019.705803 1856.541967 2987.614252 90.000000
IMG20250901143527 2 1929.644921 2395.191058 2222.148786 2406.587313 2203.155028 2672.499917 1900.014660 2653.506159 90.000000
IMG20250901143527 3 1960.794683 2093.570190 2241.902293 2091.290939 2225.187787 2340.489037 1933.443673 2336.690285 90.000000
IMG20250901143527 4 1992.489148 1808.735879 2267.733803 1806.384578 2247.220545 2032.030416 1964.100902 2038.412731 90.000000
IMG20250901143527 5 2021.574707 1539.712223 2294.325064 1534.393971 2275.331306 1750.922806 1996.502947 1755.481308 90.000000
IMG20250901143527 6 2057.282971 1302.670131 2314.078572 1283.676373 2293.565314 1480.451700 2029.172210 1491.088204 90.000000
IMG20250924165408 0 305.991873 1699.371598 649.880546 1713.531720 644.823359 2087.763511 307.003311 2082.706324 0.000000
IMG20250924165408 1 736.864151 1713.531720 1074.684200 1712.520283 1073.672763 2090.797822 728.772653 2089.786385 0.000000
IMG20250924165408 2 1155.599182 1711.508846 1502.522166 1716.566032 1500.499291 2096.866446 1156.610619 2093.832134 0.000000
IMG20250924165408 3 1581.414273 1717.577469 1921.257196 1726.680405 1917.211447 2100.912195 1578.379961 2095.855009 0.000000
IMG20250924165408 4 2000.149303 1725.668967 2337.969352 1726.680405 2335.946477 2100.912195 1998.126429 2099.900758 0.000000
IMG20250924165408 5 2418.884334 1726.680405 2753.670071 1725.668967 2757.715820 2095.855009 2417.872896 2097.877883 0.000000
IMG20250924165408 6 2836.607927 1722.634656 3151.164918 1725.668967 3140.039108 2096.866446 2836.607927 2093.832134 0.000000
IMG20250924165411 0 309.029425 1700.384115 652.918097 1714.544237 647.860911 2088.776028 310.040862 2083.718841 0.000000
IMG20250924165411 1 736.864151 1715.556754 1074.684200 1714.545317 1073.672763 2092.822857 728.772653 2091.811419 0.000000
IMG20250924165411 2 1158.636733 1715.558914 1505.559717 1720.616100 1503.536842 2100.916514 1159.648170 2097.882203 0.000000
IMG20250924165411 3 1585.464341 1721.627538 1925.307264 1730.730473 1921.261515 2104.962263 1582.430029 2099.905077 0.000000
IMG20250924165411 4 2001.161820 1730.731553 2338.981869 1731.742990 2336.958995 2105.974781 1999.138946 2104.963343 0.000000
IMG20250924165411 5 2418.884334 1733.768024 2753.670071 1732.756587 2757.715820 2102.942628 2417.872896 2104.965503 0.000000
IMG20250924165411 6 2838.632961 1728.709758 3153.189952 1731.744070 3142.064142 2102.941549 2838.632961 2099.907237 0.000000
IMG20250924165414 0 311.559817 1700.242015 655.693119 1706.314956 647.860911 2088.776028 314.596287 2079.800805 0.000000
IMG20250924165414 1 737.677817 1711.375740 1078.732827 1714.545317 1076.750336 2092.958843 732.617034 2087.898059 0.000000
IMG20250924165414 2 1161.771505 1715.424367 1505.559717 1719.603944 1503.536842 2099.904358 1163.795818 2092.958843 0.000000
IMG20250924165414 3 1587.488655 1718.591067 1927.331578 1727.694003 1923.285829 2101.925793 1584.454343 2096.868607 0.000000
IMG20250924165414 4 2003.186134 1725.670769 2341.006183 1726.682206 2338.983308 2100.913997 2001.163259 2099.902559 0.000000
IMG20250924165414 5 2424.943155 1728.582405 2756.930576 1730.606718 2757.715820 2101.930472 2422.918842 2101.056097 0.000000
IMG20250924165414 6 2843.976059 1729.594562 3157.744658 1733.643189 3144.586620 2101.056097 2838.915275 2098.019626 0.000000
IMG20250924165419 0 321.688588 1702.267770 665.821891 1708.340710 657.989682 2090.801782 324.725059 2081.826559 0.000000
IMG20250924165419 1 745.577683 1714.210406 1087.848721 1717.583949 1083.878657 2096.065098 741.732928 2090.936690 0.000000
IMG20250924165419 2 1169.973216 1716.236160 1513.338576 1720.287669 1508.601228 2099.904358 1165.921708 2099.103730 0.000000
IMG20250924165419 3 1592.342995 1721.300546 1927.331578 1728.706880 1922.540952 2109.232501 1591.330118 2101.129484 0.000000
IMG20250924165419 4 2005.211888 1732.760909 2343.031937 1733.772346 2341.009062 2108.004137 2003.189014 2106.992700 0.000000
IMG20250924165419 5 2423.930278 1735.672545 2755.917699 1737.696859 2756.702942 2109.020612 2421.905965 2108.146237 0.000000
IMG20250924165419 6 2838.911673 1732.633193 3152.680272 1736.681820 3140.019307 2107.206747 2838.181912 2106.193870 0.000000
IMG20250924165422 0 321.688588 1702.267770 664.732243 1710.804623 655.665009 2091.628415 323.199794 2081.553712 0.000000
IMG20250924165422 1 748.352282 1715.841975 1087.869790 1716.849445 1078.802556 2095.658297 741.732928 2090.936690 0.000000
IMG20250924165422 2 1169.973216 1716.236160 1514.029748 1722.894267 1508.601228 2099.904358 1165.921708 2099.103730 0.000000
IMG20250924165422 3 1594.627376 1724.909208 1929.107532 1732.968971 1924.070180 2106.740470 1589.590024 2102.710589 0.000000
IMG20250924165422 4 2007.690219 1734.983911 2346.200257 1733.976441 2341.162905 2108.755411 2003.189014 2108.000170 0.000000
IMG20250924165422 5 2425.790415 1736.998852 2760.270571 1738.006322 2759.263100 2110.770352 2424.782944 2111.777822 0.000000
IMG20250924165422 6 2841.875669 1736.998852 3158.221359 1741.028733 3149.154126 2109.762881 2842.883139 2109.762881 0.000000
IMG20250924165424 0 322.698031 1712.362192 665.741685 1720.899045 656.674452 2101.722838 324.209236 2091.648134 0.000000
IMG20250924165424 1 750.371166 1726.945839 1089.888674 1727.953310 1080.821441 2106.762161 743.751813 2102.040555 0.000000
IMG20250924165424 2 1168.963774 1729.358910 1513.020305 1736.017016 1507.591786 2113.027107 1164.912265 2112.226479 0.000000
IMG20250924165424 3 1592.608491 1733.994188 1927.088647 1742.053951 1922.051296 2115.825451 1587.571139 2111.795569 0.000000
IMG20250924165424 4 2006.680777 1746.087776 2345.190815 1745.080306 2340.153463 2119.859276 2002.179571 2119.104035 0.000000
IMG20250924165424 5 2427.809299 1746.083832 2762.289455 1747.091303 2761.281985 2119.855332 2426.801829 2120.862803 0.000000
IMG20250924165424 6 2843.894554 1746.083832 3160.240244 1750.113714 3144.593888 2120.519835 2846.808420 2122.538720 0.000000
IMG20250924165426 0 322.698031 1717.411200 665.741685 1725.948053 656.674452 2106.771845 324.209236 2096.697142 0.000000
IMG20250924165426 1 752.390769 1727.955641 1091.908277 1728.963111 1082.841044 2107.771963 745.771416 2103.050357 0.000000
IMG20250924165426 2 1171.993179 1729.358910 1516.049710 1736.017016 1510.621190 2113.027107 1167.941670 2112.226479 0.000000
IMG20250924165426 3 1594.628094 1738.033394 1929.108250 1746.093157 1924.070899 2119.864657 1589.590742 2115.834775 0.000000
IMG20250924165426 4 2008.700380 1748.107379 2347.210418 1747.099909 2342.173066 2121.878879 2004.199174 2121.123638 0.000000
IMG20250924165426 5 2427.629256 1752.347911 2764.902957 1750.328308 2760.863751 2120.925458 2426.801829 2120.862803 0.000000
IMG20250924165426 6 2844.677275 1752.347911 3159.735343 1754.367514 3148.627526 2121.935260 2841.647871 2120.925458 0.000000
IMG20250924165431 0 2368.521054 749.892498 2647.636462 736.386914 2666.394218 907.457648 2375.273846 909.708579 -90.000000
IMG20250924165431 1 2376.774466 956.227814 2668.645148 956.227814 2692.655076 1135.551960 2388.779430 1150.558165 -90.000000
IMG20250924165431 2 2391.030361 1202.329571 2698.615499 1181.231333 2724.918416 1400.411474 2408.287496 1418.418920 -90.000000
IMG20250924165431 3 2406.786876 1476.943118 2733.922139 1455.934431 2760.182997 1706.538051 2422.543391 1720.793945 -90.000000
IMG20250924165431 4 2424.794321 1783.069695 2769.186720 1769.564111 2805.951922 2023.919281 2442.801767 2038.175175 -90.000000
IMG20250924165431 5 2448.053939 2104.952786 2814.205334 2096.699374 2854.722087 2390.820987 2471.313556 2404.326571 -90.000000
IMG20250924165431 6 2475.065107 2483.859456 2871.228912 2464.351390 2916.997837 2826.000924 2502.076276 2846.259301 -90.000000
IMG20250924165434 0 2355.372638 753.349579 2631.865043 739.074155 2648.394481 908.125219 2362.886018 914.135923 -90.000000
IMG20250924165434 1 2364.388694 956.962193 2652.902509 956.962193 2679.199341 1135.780651 2374.156089 1151.558750 -90.000000
IMG20250924165434 2 2377.912779 1203.401076 2684.458708 1180.109596 2713.760892 1395.743619 2392.939541 1419.786437 -90.000000
IMG20250924165434 3 2395.193555 1476.136792 2721.149392 1452.929079 2747.410250 1703.532698 2409.468978 1718.818985 -90.000000
IMG20250924165434 4 2416.231020 1779.677367 2756.587161 1765.401944 2797.910755 2019.354208 2433.511796 2038.137660 -90.000000
IMG20250924165434 5 2439.522500 2102.752733 2807.678149 2088.477310 2851.255757 2384.504505 2465.067994 2401.033942 -90.000000
IMG20250924165434 6 2471.078699 2482.178453 2867.033856 2458.886973 2915.495161 2817.736206 2500.573600 2837.994582 -90.000000
IMG20250924165437 0 2348.083372 753.074992 2621.239013 739.263752 2639.654000 906.533217 2354.221701 913.438838 -90.000000
IMG20250924165437 1 2353.454410 955.639850 2645.792329 957.174432 2668.457265 1133.478777 2369.567523 1152.833669 -90.000000
IMG20250924165437 2 2370.334815 1201.173011 2676.483975 1177.386986 2704.873746 1392.228501 2387.982511 1420.618273 -90.000000
IMG20250924165437 3 2390.284384 1472.026779 2712.546658 1449.775336 2740.936429 1699.144952 2407.164789 1714.490775 -90.000000
IMG20250924165437 4 2412.394565 1773.539038 2752.750706 1759.263615 2794.074299 2013.215879 2429.675340 2031.999331 -90.000000
IMG20250924165437 5 2431.849589 2092.777948 2800.005238 2078.502525 2843.582845 2374.529721 2457.395083 2391.059158 -90.000000
IMG20250924165437 6 2465.707661 2470.669086 2861.662818 2447.377606 2910.124123 2806.226839 2495.202562 2826.485215 -90.000000
IMG20250924165440 0 2337.304508 755.384748 2613.320411 740.789338 2629.488707 907.861725 2345.388656 911.711319 -90.000000
IMG20250924165440 1 2346.928494 958.676368 2634.108220 957.136531 2660.758077 1133.478777 2360.017114 1151.156078 -90.000000
IMG20250924165440 2 2363.096789 1201.970721 2667.984649 1178.103237 2694.094883 1390.688664 2376.955328 1418.317914 -90.000000
IMG20250924165440 3 2380.804922 1471.442314 2704.077550 1447.465579 2732.467322 1696.835196 2397.743137 1713.966747 -90.000000
IMG20250924165440 4 2403.155539 1771.229282 2743.511680 1756.953859 2784.835273 2010.906123 2420.436314 2029.689574 -90.000000
IMG20250924165440 5 2424.150401 2090.468192 2792.306050 2076.192769 2835.883657 2372.219964 2449.695895 2388.749401 -90.000000
IMG20250924165440 6 2460.318229 2463.739816 2856.273386 2440.448337 2904.734691 2799.297569 2489.813130 2819.555946 -90.000000
IMG20250924165443 0 2335.749905 756.939352 2611.765808 742.343941 2627.934104 909.416328 2343.834053 913.265923 -90.000000
IMG20250924165443 1 2346.928494 958.676368 2634.108220 957.136531 2660.758077 1133.478777 2360.017114 1151.156078 -90.000000
IMG20250924165443 2 2362.319488 1200.416118 2667.207347 1176.548634 2693.317581 1389.134060 2376.178027 1416.763311 -90.000000
IMG20250924165443 3 2378.890145 1473.527152 2706.134127 1445.544294 2734.116985 1695.058114 2395.990781 1708.272242 -90.000000
IMG20250924165443 4 2401.431892 1769.679070 2742.667303 1754.910339 2782.503368 2005.465012 2421.641734 2026.188604 -90.000000
IMG20250924165443 5 2427.082845 2086.818131 2793.191909 2074.381305 2836.720799 2363.537508 2451.956497 2378.306238 -90.000000
IMG20250924165443 6 2459.729513 2459.922909 2853.821435 2435.826558 2901.625485 2791.524553 2490.821578 2818.258956 -90.000000
IMG20250924165445 0 2334.587147 755.136443 2612.098733 740.408174 2626.827001 908.620504 2343.834053 913.265923 -90.000000
IMG20250924165445 1 2349.315415 957.456342 2633.803549 955.905998 2658.609054 1130.319704 2357.842308 1148.923832 -90.000000
IMG20250924165445 2 2364.043684 1199.310014 2667.207347 1173.447946 2693.317581 1386.033372 2378.771952 1419.458870 -90.000000
IMG20250924165445 3 2379.547124 1469.069879 2703.033439 1441.668434 2731.016297 1691.182254 2396.600909 1707.822864 -90.000000
IMG20250924165445 4 2399.881548 1766.578382 2741.116959 1751.809651 2780.953024 2002.364323 2420.091390 2023.087916 -90.000000
IMG20250924165445 5 2423.982157 2086.042959 2790.091220 2073.606133 2833.620111 2362.762336 2448.855809 2377.531066 -90.000000
IMG20250924165445 6 2458.179169 2456.047048 2852.271091 2431.950698 2900.075141 2787.648693 2489.271234 2814.383095 -90.000000
IMG20250924165446 0 2324.516813 755.136443 2602.028398 740.408174 2616.756667 908.620504 2333.763719 913.265923 -90.000000
IMG20250924165446 1 2334.974467 956.663403 2622.366311 955.114121 2648.538720 1129.545063 2347.771974 1148.149191 -90.000000
IMG20250924165446 2 2352.016571 1199.126063 2655.675878 1174.337548 2684.337598 1386.589206 2367.509393 1415.250927 -90.000000
IMG20250924165446 3 2372.931881 1468.701162 2692.858650 1443.912647 2722.295011 1690.248512 2389.973985 1708.065257 -90.000000
IMG20250924165446 4 2389.973985 1767.712621 2731.590704 1751.445158 2769.548117 2000.104947 2411.663935 2022.569539 -90.000000
IMG20250924165446 5 2419.410346 2085.315467 2781.167734 2068.273363 2826.096917 2357.989130 2444.973502 2378.129798 -90.000000
IMG20250924165446 6 2450.395989 2459.467112 2843.913662 2430.030751 2894.265332 2786.365651 2483.705556 2820.449859 -90.000000
IMG20250924165457 0 1902.380782 2571.016346 2235.718471 2569.876730 2231.729814 2850.792081 1876.169613 2844.524193 90.000000
IMG20250924165457 1 1926.882526 2266.169058 2240.276935 2275.285986 2237.427895 2508.337464 1908.078862 2512.895928 90.000000
IMG20250924165457 2 1947.965423 2004.057371 2237.997703 2022.861035 2239.707127 2224.573072 1932.580607 2209.188256 90.000000
IMG20250924165457 3 1966.769087 1794.937829 2240.276935 1800.066101 2240.846743 1976.136778 1954.233311 1960.751962 90.000000
IMG20250924165457 4 1980.444480 1585.248480 2239.137319 1588.097520 2238.145996 1758.421753 1971.327552 1756.760692 90.000000
IMG20250924165457 5 1994.119872 1397.781643 2237.427895 1394.362795 2239.137319 1549.350575 1985.572752 1548.780767 90.000000
IMG20250924165457 6 2000.387760 1249.061751 2235.148663 1257.039063 2238.567511 1361.883738 1994.119872 1361.883738 90.000000
IMG20250924165500 0 1905.230836 2561.896173 2238.568525 2560.756557 2234.579868 2841.671908 1879.019667 2835.404020 90.000000
IMG20250924165500 1 1932.582634 2260.468950 2245.977043 2269.585878 2243.128003 2502.637356 1913.778970 2507.195820 90.000000
IMG20250924165500 2 1955.621230 2002.331015 2247.466756 2020.571360 2244.837224 2220.582997 1937.710704 2205.198181 90.000000
IMG20250924165500 3 1976.711629 1794.277075 2247.466756 1799.407172 2244.616702 1973.260464 1960.751327 1959.010194 90.000000
IMG20250924165500 4 1990.134663 1587.528523 2249.746799 1592.493254 2247.836179 1760.701796 1979.561683 1757.796384 90.000000
IMG20250924165500 5 2004.642158 1402.109649 2250.316810 1400.399617 2249.176788 1549.742445 1993.811953 1552.022488 90.000000
IMG20250924165500 6 2010.647955 1254.761859 2244.616702 1263.597026 2246.326734 1366.768980 2005.782179 1365.628958 90.000000
IMG20250924165503 0 1900.712942 2554.554596 2230.418452 2559.021204 2221.947402 2838.001120 1874.501774 2828.062443 90.000000
IMG20250924165503 1 1929.194214 2251.997900 2237.195292 2263.663924 2232.112662 2494.641223 1910.390550 2498.724770 90.000000
IMG20250924165503 2 1950.309062 1994.849268 2241.148449 2013.485578 2237.760029 2214.531834 1932.628074 2196.727130 90.000000
IMG20250924165503 3 1969.370052 1786.935498 2240.125179 1792.065595 2237.275125 1965.918887 1953.409750 1951.668618 90.000000
IMG20250924165503 4 1985.052033 1579.057473 2244.664169 1584.022204 2242.753549 1752.230746 1974.479053 1749.325334 90.000000
IMG20250924165503 5 1998.994791 1393.638599 2244.669443 1391.928567 2243.529422 1541.271394 1988.164586 1543.551438 90.000000
IMG20250924165503 6 2007.824271 1245.726072 2239.454239 1255.044227 2241.148449 1358.955775 2000.005890 1356.696828 90.000000
IMG20250924165507 0 1919.412258 2538.121864 2249.117767 2542.588472 2240.646717 2821.568388 1893.201089 2811.629712 90.000000
IMG20250924165507 1 1946.760238 2236.131814 2254.761316 2247.797838 2249.678686 2478.775137 1927.956574 2482.858684 90.000000
IMG20250924165507 2 1972.974899 1977.849890 2263.814286 1996.486200 2260.425866 2197.532456 1955.293911 2179.727753 90.000000
IMG20250924165507 3 1992.602535 1769.936121 2264.428110 1778.656564 2260.461589 1952.050217 1976.642233 1934.669240 90.000000
IMG20250924165507 4 2008.851162 1563.191387 2266.694694 1569.564218 2266.128048 1738.991349 1996.971234 1731.624952 90.000000
IMG20250924165507 5 2022.793920 1377.205867 2268.468572 1375.495835 2267.328550 1524.838663 2011.963715 1527.118706 90.000000
IMG20250924165507 6 2030.490108 1229.293340 2264.428110 1239.776290 2263.814286 1342.523043 2022.671726 1340.264096 90.000000
IMG20250924165510 0 1909.991084 2536.262165 2240.912304 2540.228687 2228.446094 2824.684941 1880.168233 2812.763003 90.000000
IMG20250924165510 1 1937.693903 2233.865230 2245.694981 2245.531254 2241.478950 2479.030927 1918.490773 2480.164219 90.000000
IMG20250924165510 2 1962.689155 1969.616241 2251.678577 1992.848723 2248.845347 2194.574673 1945.660930 2174.061293 90.000000
IMG20250924165510 3 1980.821825 1758.823957 2256.495067 1770.156875 2256.778390 1941.283944 1965.522385 1927.684442 90.000000
IMG20250924165510 4 2000.087786 1549.164965 2256.778390 1558.231299 2253.945161 1723.691909 1987.621576 1720.858680 90.000000
IMG20250924165510 5 2016.520518 1359.905226 2257.911682 1362.738455 2255.645098 1512.899625 2005.187600 1511.766334 90.000000
IMG20250924165510 6 2023.320269 1209.177410 2257.911682 1221.643620 2259.611620 1325.906470 2016.520518 1322.506595 90.000000
IMG20250924165513 0 1918.039876 2531.662855 2250.700289 2540.390110 2235.752532 2823.822570 1888.217025 2808.163694 90.000000
IMG20250924165513 1 1950.595331 2227.062137 2258.749081 2246.034290 2252.425030 2474.849947 1927.689393 2474.989995 90.000000
IMG20250924165513 2 1974.741707 1963.751657 2265.648045 1991.347515 2261.048736 2189.692746 1954.044813 2170.720593 90.000000
IMG20250924165513 3 1997.163342 1753.333238 2269.672441 1765.406426 2265.648045 1941.330022 1979.915930 1920.058215 90.000000
IMG20250924165513 4 2013.835839 1542.339906 2274.271751 1552.688353 2269.097528 1722.287898 2001.762651 1714.814020 90.000000
IMG20250924165513 5 2031.468275 1354.156089 2272.859439 1356.989318 2271.972096 1511.869479 2020.135356 1506.017197 90.000000
IMG20250924165513 6 2039.417853 1202.853359 2274.009266 1215.319569 2275.709204 1319.582420 2032.618102 1316.182544 90.000000
IMG20250924165515 0 1918.039876 2529.932283 2253.001325 2539.143458 2239.733605 2828.149000 1887.850609 2811.996994 90.000000
IMG20250924165515 1 1950.595331 2220.716706 2259.923613 2239.177625 2254.155039 2476.266004 1928.807482 2473.958575 90.000000
IMG20250924165515 2 1974.956072 1954.786941 2265.692187 1980.745523 2262.807900 2184.953032 1955.342922 2162.455595 90.000000
IMG20250924165515 3 1993.415508 1737.311713 2270.307046 1750.579432 2265.692187 1927.097788 1977.840359 1910.368924 90.000000
IMG20250924165515 4 2009.567514 1522.143914 2269.153331 1530.796774 2269.153331 1705.007700 1996.876652 1697.508554 90.000000
IMG20250924165515 5 2025.122844 1328.197507 2270.307046 1329.473552 2265.626665 1485.910898 2011.874944 1483.494470 90.000000
IMG20250924165515 6 2034.372381 1171.414632 2269.153331 1186.412924 2271.460761 1295.438967 2025.142663 1289.093536 90.000000
IMG_2113 0 454.450993 1386.190031 784.549962 1379.759532 789.352661 1790.207642 463.024993 1783.809244 0.000000
IMG_2113 1 872.433454 1373.329032 1252.904669 1376.544282 1253.976418 1778.450494 877.792204 1784.880994 0.000000
IMG_2113 2 1345.075160 1373.329032 1715.900625 1373.329032 1719.115875 1766.661245 1347.218660 1778.450494 0.000000
IMG_2113 3 1805.927617 1369.042033 2160.676834 1364.755033 2172.466082 1753.800247 1810.214616 1762.374246 0.000000
IMG_2113 4 2247.488575 1361.539783 2602.237792 1357.252784 2619.385791 1746.297997 2265.708324 1749.513247 0.000000
IMG_2113 5 2687.977784 1357.252784 3037.368251 1351.894034 3054.516250 1737.723998 2706.197533 1744.154497 0.000000
IMG_2113 6 3119.892994 1347.607035 3434.987464 1355.109284 3473.570461 1731.293499 3144.543241 1733.436998 0.000000
IMG_2114 0 666.636993 1959.202927 1134.277200 1950.093053 1137.725282 2529.320797 678.783492 2522.496811 0.000000
IMG_2114 1 1255.734624 1940.983178 1794.735511 1945.538115 1796.253823 2514.905250 1263.326185 2524.015124 0.000000
IMG_2114 2 1922.266184 1937.938989 2447.602260 1937.938989 2452.157197 2495.159624 1925.302809 2511.861060 0.000000
IMG_2114 3 2573.618403 1931.865740 3076.179794 1925.792490 3092.881230 2476.939876 2579.691653 2489.086375 0.000000
IMG_2114 4 3200.685189 1928.848026 3703.246580 1922.774777 3727.539578 2473.922163 3226.496500 2478.477100 0.000000
IMG_2114 5 3824.711569 1922.774777 4319.681397 1915.183215 4343.974395 2461.775664 3850.522879 2470.885538 0.000000
IMG_2114 6 4433.547260 1909.109966 4879.931093 1919.738152 4934.590338 2452.665790 4468.468444 2455.702415 0.000000
IMG_2115 0 671.193527 1966.797150 1138.833733 1957.687276 1142.281815 2536.915020 683.340026 2530.091034 0.000000
IMG_2115 1 1267.885381 1945.539712 1806.886268 1950.094649 1808.404580 2519.461783 1275.476942 2528.571658 0.000000
IMG_2115 2 1931.379252 1947.052057 2456.715328 1947.052057 2461.270265 2504.272692 1934.415877 2520.974128 0.000000
IMG_2115 3 2584.250316 1951.610720 3086.811706 1945.537470 3103.513142 2496.684856 2590.323565 2508.831355 0.000000
IMG_2115 4 3200.685189 1936.442249 3703.246580 1930.369000 3727.539578 2481.516386 3226.496500 2486.071323 0.000000
IMG_2115 5 3829.268102 1930.369000 4324.237931 1922.777438 4348.530929 2469.369887 3855.079412 2478.479761 0.000000
IMG_2115 6 4436.584949 1922.779567 4882.968782 1933.407754 4937.628027 2466.335391 4471.506133 2469.372016 0.000000
IMG_2116 0 488.788083 1388.327400 818.887052 1381.896900 821.320992 1790.763544 497.362082 1785.946613 0.000000
IMG_2116 1 906.767100 1378.680870 1287.238315 1381.896120 1288.310065 1783.802332 912.125850 1790.232832 0.000000
IMG_2116 2 1377.259204 1382.963640 1748.084669 1382.963640 1751.299919 1776.295853 1381.015017 1781.391580 0.000000
IMG_2116 3 1834.894134 1376.535823 2189.643351 1372.248823 2201.432600 1761.294037 1839.181134 1769.868036 0.000000
IMG_2116 4 2274.311610 1375.474364 2629.060826 1371.187364 2646.208825 1760.232578 2292.531358 1763.447828 0.000000
IMG_2116 5 2712.658475 1372.259108 3062.581456 1368.770115 3077.585873 1752.454490 2730.878223 1759.160822 0.000000
IMG_2116 6 3140.280975 1367.973606 3455.375446 1375.475855 3486.992106 1753.526234 3164.931223 1753.803570 0.000000
IMG_2117 0 486.654130 1397.930189 816.753099 1391.499689 819.187039 1800.366332 495.228129 1795.549401 0.000000
IMG_2117 1 905.700124 1390.417612 1286.171338 1393.632862 1287.243088 1795.539074 911.058873 1801.969573 0.000000
IMG_2117 2 1375.125251 1393.633405 1745.950716 1393.633405 1749.165965 1786.965618 1378.881064 1792.061345 0.000000
IMG_2117 3 1834.894134 1389.339541 2189.643351 1385.052541 2201.432600 1774.097755 1839.181134 1782.671754 0.000000
IMG_2117 4 2272.177656 1385.077153 2626.926873 1380.790153 2640.346237 1769.823884 2290.397405 1773.050616 0.000000
IMG_2117 5 2709.457545 1381.861897 3058.601033 1378.243501 3074.384943 1762.057279 2727.677293 1768.763611 0.000000
IMG_2117 6 3136.013069 1379.710347 3451.107540 1387.212597 3482.724200 1765.262976 3160.663317 1765.540311 0.000000
IMG_2118 0 709.062849 1980.401100 1176.703056 1971.291226 1180.151138 2550.518971 712.839035 2538.885795 0.000000
IMG_2118 1 1300.413512 1970.947483 1838.691279 1975.823695 1829.079494 2547.948640 1304.944935 2550.969589 0.000000
IMG_2118 2 1969.553598 1970.947483 2492.177683 1972.457957 2491.579386 2531.534626 1962.001227 2538.885795 0.000000
IMG_2118 3 2608.484199 1973.968431 3116.003542 1970.947483 3126.248554 2519.347050 2616.036570 2526.802001 0.000000
IMG_2118 4 3230.799584 1966.416060 3729.256081 1964.905586 3748.042873 2511.781925 3252.282028 2516.353129 0.000000
IMG_2118 5 3850.094020 1963.395112 4342.508620 1961.884637 4363.655259 2511.697259 3872.751133 2516.228681 0.000000
IMG_2118 6 4451.262765 1966.416060 4893.600437 1975.791165 4938.390705 2511.362535 4482.137788 2511.755427 0.000000
IMG_2119 0 514.326448 1388.368384 846.333554 1385.068434 842.083863 1790.913921 516.991991 1782.592874 0.000000
IMG_2119 1 931.750445 1381.695242 1311.711222 1385.137274 1304.926433 1788.990177 934.949097 1791.122611 0.000000
IMG_2119 2 1401.980647 1386.130857 1769.578915 1388.255702 1769.578915 1785.601807 1398.793379 1786.664230 0.000000
IMG_2119 3 1855.635157 1388.255702 2210.156139 1387.007356 2217.387913 1774.112932 1865.196962 1779.227271 0.000000
IMG_2119 4 2296.540594 1384.006011 2647.289975 1383.804910 2657.764325 1773.915157 2308.227244 1770.727889 0.000000
IMG_2119 5 2735.321185 1384.006011 3078.483730 1386.130857 3092.295226 1770.727889 2747.007835 1773.915157 0.000000
IMG_2119 6 3159.227858 1387.193280 3469.455298 1395.692662 3502.390403 1773.915157 3178.351468 1771.790311 0.000000
IMG_2120 0 1024.039505 1616.315289 1196.712753 1606.111870 1199.067388 1887.883215 1030.318532 1889.452971 0.000000
IMG_2120 1 1248.514727 1602.972356 1483.978247 1591.199180 1476.914341 1884.743701 1246.944970 1888.668093 0.000000
IMG_2120 2 1545.198762 1589.629423 1786.830688 1579.484253 1778.632935 1875.345703 1534.210464 1882.389066 0.000000
IMG_2120 3 1847.376945 1568.437706 2103.247303 1559.019166 2096.891846 1865.046265 1840.313040 1871.400768 0.000000
IMG_2120 4 2169.177089 1552.740138 2444.669407 1539.397206 2451.733312 1858.842714 2165.252697 1861.197349 0.000000
IMG_2120 5 2516.878219 1537.827449 2821.411038 1520.560124 2833.969092 1855.703200 2523.942125 1859.627592 0.000000
IMG_2120 6 2897.544243 1518.990367 3223.268778 1507.217191 3239.751224 1847.854416 2909.317419 1852.563687 0.000000
IMG_2121 0 1545.080814 2294.286425 1792.386718 2278.619988 1787.405640 2678.241699 1550.675971 2679.233171 0.000000
IMG_2121 1 1864.004718 2274.143863 2200.833121 2259.596457 2184.047652 2673.638015 1860.647624 2678.114140 0.000000
IMG_2121 2 2283.641432 2256.239363 2630.541117 2241.691957 2611.517586 2663.566734 2272.451120 2671.399953 0.000000
IMG_2121 3 2718.944585 2236.096801 3081.510706 2220.430363 3073.677488 2652.376422 2701.040085 2661.328672 0.000000
IMG_2121 4 3173.271268 2212.597145 3571.646389 2195.811676 3576.122514 2647.900297 3167.676112 2649.019328 0.000000
IMG_2121 5 3671.240169 2191.335551 4103.436523 2173.810791 4118.852665 2645.662234 3682.430482 2649.019328 0.000000
IMG_2121 6 4216.208383 2170.073958 4671.654098 2162.240739 4694.594238 2640.402344 4229.636758 2643.424172 0.000000
IMG_2122 0 1597.652303 2250.373069 1851.352340 2228.903876 1840.451920 2631.915324 1598.808492 2635.383890 0.000000
IMG_2122 1 1924.853692 2226.093108 2259.798742 2217.973665 2245.117948 2627.290570 1916.760371 2631.915324 0.000000
IMG_2122 2 2348.018738 2213.375033 2696.443870 2198.912977 2679.844880 2620.353438 2328.363531 2624.978192 0.000000
IMG_2122 3 2783.901859 2194.876014 3152.038214 2177.651383 3138.851775 2608.791551 2767.715218 2615.728683 0.000000
IMG_2122 4 3246.111153 2170.974353 3644.486274 2154.188885 3645.262404 2604.166796 3235.971621 2604.166796 0.000000
IMG_2122 5 3743.538439 2152.097034 4183.213540 2132.188000 4195.608201 2604.166796 3753.944137 2606.479174 0.000000
IMG_2122 6 4289.048268 2128.451166 4744.493983 2120.617947 4763.296829 2604.166796 4307.758500 2605.322985 0.000000
IMG_2123 0 1173.784321 1517.462158 1354.323002 1507.393569 1347.121059 1784.268257 1167.872706 1787.469120 0.000000
IMG_2123 1 1406.337033 1502.592274 1647.995497 1498.872590 1631.997905 1784.268257 1399.135090 1785.868688 0.000000
IMG_2123 2 1709.618844 1495.390331 1956.885545 1488.988604 1941.681443 1781.867609 1691.213879 1785.068472 0.000000
IMG_2123 3 2017.701950 1482.586877 2279.372536 1475.384935 2267.369298 1773.865450 2004.898496 1777.066314 0.000000
IMG_2123 4 2344.990237 1469.783424 2631.467515 1461.781265 2627.466435 1775.465882 2336.988078 1771.464803 0.000000
IMG_2123 5 2701.886510 1456.179754 3009.969617 1447.377379 3017.971775 1775.465882 2701.086295 1776.266098 0.000000
IMG_2123 6 3085.189907 1445.776948 3402.777781 1440.941599 3424.481432 1775.465882 3092.391850 1773.865450 0.000000
IMG_2124 0 1227.062134 1592.161133 1401.849439 1580.129127 1393.377563 1853.763428 1219.970675 1859.582336 0.000000
IMG_2124 1 1454.149341 1573.884362 1688.328008 1569.981384 1672.710693 1849.802490 1444.001599 1850.995784 0.000000
IMG_2124 2 1746.092079 1567.639598 1984.954319 1560.614238 1972.464790 1846.312211 1732.821955 1850.215189 0.000000
IMG_2124 3 2048.182559 1554.369473 2302.042725 1543.648071 2293.289563 1840.067447 2034.912435 1843.189829 0.000000
IMG_2124 4 2365.104354 1540.318753 2645.338159 1534.073989 2646.118754 1840.848042 2360.420781 1836.164469 0.000000
IMG_2124 5 2712.469377 1528.609820 3013.779261 1517.681482 3023.927003 1836.945064 2719.494737 1836.945064 0.000000
IMG_2124 6 3086.374648 1511.436718 3400.174061 1509.094931 3422.811332 1833.042087 3099.644772 1837.725660 0.000000
IMG_2125 0 1657.266693 2261.114436 1904.882042 2244.069094 1892.880217 2631.717687 1647.220459 2639.961140 0.000000
IMG_2125 1 1980.084136 2236.332910 2311.837247 2230.803692 2289.712718 2627.216925 1965.708168 2628.907425 0.000000
IMG_2125 2 2399.222512 2219.712197 2737.610685 2209.759604 2719.917186 2614.498400 2380.423169 2620.027618 0.000000
IMG_2125 3 2827.184025 2203.133987 3186.819261 2187.945333 3174.418948 2607.872782 2808.384682 2612.296157 0.000000
IMG_2125 4 3278.086876 2180.136373 3674.265025 2166.608087 3670.116733 2598.819818 3272.534045 2598.819818 0.000000
IMG_2125 5 3773.809848 2156.646049 4197.635663 2141.266557 4204.299060 2593.266988 3782.283916 2601.040951 0.000000
IMG_2125 6 4304.619548 2132.317488 4741.813085 2127.939763 4772.908938 2585.493024 4319.797942 2591.045855 0.000000
IMG_2126 0 1181.613080 1595.295594 1356.400385 1583.263588 1347.928509 1856.897889 1174.521620 1862.716796 0.000000
IMG_2126 1 1407.913847 1578.587937 1642.092514 1574.684959 1626.475199 1854.506064 1397.766105 1855.699359 0.000000
IMG_2126 2 1699.065123 1569.211222 1937.927363 1562.185862 1925.437834 1847.883835 1685.794999 1851.786813 0.000000
IMG_2126 3 1999.585234 1555.153402 2253.445400 1544.432000 2244.692239 1840.851376 1986.315110 1843.973758 0.000000
IMG_2126 4 2313.943677 1538.134608 2593.598841 1528.585230 2590.670635 1833.675864 2310.024032 1833.675864 0.000000
IMG_2126 5 2659.154668 1522.338388 2958.325832 1511.482276 2963.029406 1830.541403 2665.136364 1836.028906 0.000000
IMG_2126 6 3031.488315 1505.165285 3340.095518 1502.075127 3362.045531 1825.053900 3042.202475 1828.973545 0.000000
IMG_2127 0 1027.920951 1576.809708 1367.234560 1580.830012 1360.802075 1947.481683 1016.664102 1949.089805 0.000000
IMG_2127 1 1448.444689 1581.634072 1751.575567 1598.519347 1758.812113 1938.637016 1444.424386 1941.049198 0.000000
IMG_2127 2 1819.920725 1601.735589 2097.321661 1610.580257 2121.443482 1934.616712 1829.569453 1937.832955 0.000000
IMG_2127 3 2161.646516 1609.776196 2422.966238 1621.033046 2452.716483 1929.792348 2189.788640 1929.792348 0.000000
IMG_2127 4 2480.124023 1623.491455 2718.860570 1630.681774 2757.455483 1933.008591 2521.061642 1925.772045 0.000000
IMG_2127 5 2775.948878 1632.289895 2997.869627 1641.134563 3033.248297 1931.400470 2813.739730 1931.400470 0.000000
IMG_2127 6 3050.133572 1641.938624 3232.655347 1653.999534 3282.507109 1928.184227 3089.532545 1928.184227 0.000000
IMG_2128 0 1575.186857 2194.307240 2047.982739 2199.989883 2022.979111 2709.154679 1553.592814 2705.745093 0.000000
IMG_2128 1 2154.816424 2201.126411 2578.741579 2230.676154 2579.712891 2707.017334 2144.587667 2705.745093 0.000000
IMG_2128 2 2671.936921 2234.085739 3062.902747 2252.270196 3093.589018 2708.018151 2691.257906 2706.881622 0.000000
IMG_2128 3 3153.825032 2248.860611 3518.650701 2272.727711 3565.248372 2702.335508 3189.057417 2704.608565 0.000000
IMG_2128 4 3604.125488 2272.856201 3945.985441 2288.639111 3990.310055 2706.881622 3656.170657 2696.652865 0.000000
IMG_2128 5 4022.132855 2288.639111 4338.087795 2304.550510 4388.095052 2713.700793 4077.822754 2712.564265 0.000000
IMG_2128 6 4408.552566 2306.823568 4667.681079 2326.144553 4747.238078 2718.246908 4463.105937 2712.564265 0.000000
IMG_2129 0 1666.677406 2203.399468 2128.108003 2209.082111 2112.196603 2705.745093 1646.219892 2706.881622 0.000000
IMG_2129 1 2239.487802 2212.491697 2653.184200 2239.768382 2658.866842 2710.291208 2224.712931 2706.881622 0.000000
IMG_2129 2 2745.243013 2245.451025 3135.072311 2262.498954 3161.212468 2711.427736 2758.881356 2711.427736 0.000000
IMG_2129 3 3221.448481 2263.635482 3585.705886 2278.410353 3632.303557 2708.018151 3256.112603 2710.291208 0.000000
IMG_2129 4 3669.240735 2284.092996 4010.199305 2298.867868 4058.501769 2713.700793 3724.930635 2706.881622 0.000000
IMG_2129 5 4090.324568 2302.277453 4406.279509 2318.188853 4455.718502 2725.066079 4142.036618 2722.793022 0.000000
IMG_2129 6 4476.744280 2321.598439 4735.872793 2340.919424 4815.998056 2726.202608 4530.729387 2721.656493 0.000000
IMG_2130 0 1220.272467 1527.471703 1545.436738 1536.415138 1521.548940 1887.565778 1196.674879 1875.621878 0.000000
IMG_2130 1 1620.285174 1538.803918 1909.463863 1565.884037 1910.123797 1897.120897 1605.952495 1881.991958 0.000000
IMG_2130 2 1979.398413 1572.246836 2245.349237 1592.949595 2259.681917 1905.879756 1981.787193 1897.917157 0.000000
IMG_2130 3 2316.216373 1596.930895 2566.241999 1611.263574 2590.926057 1916.231136 2326.567753 1905.083496 0.000000
IMG_2130 4 2623.572715 1622.411213 2863.246961 1637.540152 2888.727280 1928.175035 2656.219373 1915.434876 0.000000
IMG_2130 5 2917.392638 1641.521452 3136.591526 1653.090061 3163.436964 1942.507714 2946.854256 1932.156335 0.000000
IMG_2130 6 3185.732242 1660.631691 3369.668291 1679.741930 3419.832669 1948.877794 3220.767680 1942.507714 0.000000
IMG_2131 0 1337.896824 1529.704258 1648.287455 1541.953254 1628.252307 1883.352490 1314.953203 1873.067418 0.000000
IMG_2131 1 1719.180093 1545.924352 2001.679523 1571.635704 2000.097205 1892.846402 1704.994765 1878.605534 0.000000
IMG_2131 2 2064.843623 1577.784951 2330.794448 1598.487710 2345.833843 1907.087271 2065.763431 1897.593359 0.000000
IMG_2131 3 2396.123468 1603.260169 2646.149093 1617.592849 2674.956135 1921.328139 2408.335432 1910.251908 0.000000
IMG_2131 4 2705.062129 1626.367010 2944.736375 1641.495949 2970.216693 1932.130832 2737.708787 1919.390673 0.000000
IMG_2131 5 3002.046689 1648.641886 3224.020728 1664.992508 3248.546668 1947.436398 3027.813208 1937.942486 0.000000
IMG_2131 6 3271.490289 1668.157145 3458.278139 1690.818161 3508.442516 1959.954025 3306.301301 1947.436398 0.000000
IMG_2132 0 1874.342652 2184.774659 2314.062712 2202.127403 2285.679587 2685.776321 1841.839189 2671.205803 0.000000
IMG_2132 1 2421.129061 2207.753126 2821.336586 2244.177541 2819.094968 2699.226030 2401.033179 2679.051467 0.000000
IMG_2132 2 2913.030765 2253.994826 3289.794433 2283.323735 3311.100243 2720.506445 2914.333826 2707.056736 0.000000
IMG_2132 3 3379.026323 2288.978867 3733.229292 2309.283496 3774.039268 2739.575157 3396.326606 2723.883830 0.000000
IMG_2132 4 3821.112832 2321.713557 4160.651348 2343.146221 4196.748465 2754.878972 3867.362265 2736.830413 0.000000
IMG_2132 5 4238.523404 2351.057929 4552.986626 2374.221310 4587.731708 2774.350154 4275.025973 2760.900445 0.000000
IMG_2132 6 4619.129320 2376.492843 4883.745441 2408.595948 4954.811641 2789.871755 4668.444920 2772.138450 0.000000
IMG_2133 0 1284.747884 1550.795769 1595.138515 1563.044764 1575.103368 1904.444001 1261.804263 1894.158929 0.000000
IMG_2133 1 1674.624712 1567.015863 1957.124141 1592.727214 1955.541823 1913.937913 1660.439383 1899.697044 0.000000
IMG_2133 2 2024.195414 1596.529103 2290.146239 1617.231861 2305.185634 1925.831422 2025.115222 1916.337510 0.000000
IMG_2133 3 2357.043406 1621.223719 2607.069032 1635.556398 2635.876073 1939.291689 2369.255370 1928.215458 0.000000
IMG_2133 4 2665.976511 1645.112550 2905.650757 1660.241489 2931.131076 1950.876372 2698.623169 1938.136213 0.000000
IMG_2133 5 2961.459852 1664.655706 3181.199084 1679.513518 3208.568740 1962.593953 2989.611498 1953.210071 0.000000
IMG_2133 6 3231.628237 1684.562271 3418.416087 1707.223286 3468.580464 1976.359150 3266.439249 1963.841523 0.000000
